-0
-1.55437e-05
-6.09788e-05
-0.000134536
-0.00023448
-0.000359106
-0.000506746
-0.000675762
-0.00086455
-0.00107154
-0.00129519
-0.00153401
-0.00178651
-0.00205126
-0.00232685
-0.00261192
-0.00290511
-0.00320514
-0.00351071
-0.0038206
-0.0041336
-0.00444852
-0.00476424
-0.00507964
-0.00539365
-0.00570523
-0.00601336
-0.00631708
-0.00661543
-0.00690752
-0.00719246
-0.00746941
-0.00773757
-0.00799614
-0.0082444
-0.00848163
-0.00870714
-0.00892031
-0.0091205
-0.00930716
-0.00947972
-0.00963768
-0.00978056
-0.0099079
-0.0100193
-0.0101144
-0.0101928
-0.0102542
-0.0102984
-0.0103251
-0.010334
-0.0103251
-0.0102984
-0.0102542
-0.0101928
-0.0101144
-0.0100193
-0.0099079
-0.00978056
-0.00963768
-0.00947972
-0.00930716
-0.0091205
-0.00892031
-0.00870714
-0.00848163
-0.0082444
-0.00799614
-0.00773757
-0.00746941
-0.00719246
-0.00690752
-0.00661543
-0.00631708
-0.00601336
-0.00570523
-0.00539365
-0.00507964
-0.00476424
-0.00444852
-0.0041336
-0.0038206
-0.00351071
-0.00320514
-0.00290511
-0.00261192
-0.00232685
-0.00205126
-0.00178651
-0.00153401
-0.00129519
-0.00107154
-0.00086455
-0.000675762
-0.000506746
-0.000359106
-0.00023448
-0.000134536
-6.09788e-05
-1.55437e-05
