1.3843e-05
0.00176962
0.000748909
0.00324186
0.0160697
0.00541779
0.00978974
0.019878
0.0014195
0.0208621
0.0172396
0.00974987
0.0246889
0.0121674
0.0171787
0.025201
0.00589109
0.0257185
0.0226544
0.014342
0.0297335
0.0178235
0.0235567
0.0305809
0.0222564
0.0290018
0.0280349
0.0205508
0.0312534
0.0279698
0.0231313
0.0308099
0.0308099
0.0295872
0.0288338
0.0282115
0.0312009
0.0312009
0.029618
0.0308804
0.0308804
0.0308804
0.0295113
0.0285916
0.0311798
0.0311798
0.0311798
0.0311798
0.0311003
0.030879
0.030879
0.0293481
0.0311126
0.0311126
0.0311126
0.0311126
0.0311126
0.0311126
0.031073
0.0308787
0.0310316
0.0310008
0.0310008
0.0310119
0.0310119
0.0310119
0.0310119
0.0310119
0.0310119
0.0309316
0.0309316
0.0309775
0.0309775
0.0309775
0.0309775
0.0309775
0.0309775
0.0309775
0.0309775
0.0310186
0.0310186
0.0310186
0.0310186
0.0310186
0.0310186
0.0310186
0.0310186
0.031113
0.031113
0.031113
0.031113
0.031113
0.031113
0.031113
0.031113
0.0311248
0.0311248
0.0311248
0.0311248
0.0311248
0.0311248
0.0311248
0.0311248
0.0311911
0.0311911
0.0311911
0.0311513
0.0311513
0.0311513
0.0311513
0.0311513
0.0311698
0.0311698
0.0311698
0.0311698
0.0311698
0.0311698
0.0311698
0.0311056
0.0311513
0.0311513
0.0311513
0.0311513
0.0311513
0.0311513
0.0311513
0.0311513
0.0313594
0.0313594
0.0313594
0.0313594
0.0313594
0.0313594
0.0313594
0.0313594
0.031476
0.031476
0.031476
0.031476
0.031476
0.031476
0.031476
0.031476
0.0315249
0.0315249
0.0315249
0.0315249
0.0315249
0.0315249
0.0315249
0.0315249
0.0315642
0.0315642
0.0315642
0.0315642
0.0315642
0.0315642
0.0315642
0.0315642
0.0315858
0.0315858
0.0315858
0.0315858
0.0315858
0.0315858
0.0315858
0.0315858
0.0316002
0.0316002
0.0316002
0.0315923
0.0315923
0.0315923
0.0315923
0.0315923
0.0316118
0.0316118
0.0316118
0.0316118
0.0316118
0.0316118
0.0316118
0.0316118
0.0316118
0.0315947
0.0315947
0.0315947
0.0315947
0.0315947
0.0315947
0.0315947
0.0315947
0.0315947
0.0315947
0.0315947
0.0315947
0.0315947
0.0315947
0.0315947
0.0315947
0.0315027
0.0315027
0.0315027
0.0315027
0.0315027
0.0315027
0.0315027
0.0315027
0.0315027
0.0315027
0.0315027
0.0315027
0.0315027
0.0315027
0.0315027
0.0315027
0.0313973
0.0313973
0.0313973
0.0313973
0.0313973
0.0313973
0.0313973
0.0313973
0.0313973
0.0313973
0.0313973
0.0313973
0.0313973
0.0313973
0.0313973
0.0313973
0.0313973
0.031261
0.031261
0.031261
0.031261
0.031261
0.031261
0.031261
0.031261
0.031261
0.0313312
0.0313312
0.0313312
0.0313312
0.0313312
0.0313312
0.0313312
0.0313312
0.0313659
0.0313659
0.0313659
0.0313659
0.0313659
0.0313659
0.0313659
0.0313659
0.0314029
0.0314029
0.0314029
0.0314029
0.0314029
0.0314029
0.0314029
0.0314029
0.0314068
0.0314068
0.0314068
0.0314068
0.0313949
0.0313949
0.0313949
0.0313949
0.0314183
0.0314183
0.0314183
0.0314183
0.0314183
0.0314183
0.0314183
0.0314183
0.0314594
0.0314594
0.0314594
0.0314594
0.0314594
0.0314594
0.0314594
0.0314594
0.0314236
0.0314236
0.0314236
0.0314236
0.0314236
0.0314236
0.0314236
0.0314236
0.0314236
0.0314236
0.0314236
0.0314236
0.0314236
0.0314236
0.0314236
0.0314236
0.0314236
0.0314236
0.0314236
0.0314236
0.0313537
0.0313537
0.0313537
0.0313537
0.0314243
0.0314243
0.0314243
0.0314243
0.0314243
0.0314243
0.0314243
0.0314243
0.0315062
0.0315062
0.0315062
0.0315062
0.0315062
0.0315062
0.0315062
0.0315062
0.0315307
0.0315307
0.0315307
0.0315307
0.0315307
0.0315307
0.0315307
0.0315307
0.0315579
0.0315579
0.0315579
0.0315579
0.0315579
0.0315579
0.0315579
0.0315579
0.0315714
0.0315714
0.0315714
0.0315714
0.0315714
0.0315714
0.0315714
0.0315714
0.0315714
0.0315714
0.0315714
0.0315714
0.0315714
0.0315714
0.0315714
0.0315714
0.0315714
0.0315714
0.0315714
0.0315714
0.0315714
0.0315714
0.0315714
0.0315714
0.0315714
0.0315714
0.0315714
0.0315714
0.0315714
0.0315714
0.0315714
0.0315714
0.0315714
0.0315714
0.0315714
0.0315714
0.0315714
0.0315714
0.0315714
0.0315714
0.0315714
0.0315714
0.0315714
0.0315714
0.0315714
0.0315714
0.0315714
0.0315714
0.0315714
0.0315714
0.0315714
0.0315714
0.0315714
0.0315714
0.0315714
0.0315714
0.0315714
0.0315714
0.0315714
0.0315714
0.0315714
0.0315714
0.0315714
0.0315714
0.0315714
0.0315714
0.0315714
0.0315714
0.0315714
0.0315714
0.0315714
0.0315714
0.0315714
0.0315714
0.0315714
0.0315714
0.0315714
0.0315714
0.0315714
0.0315714
0.0315714
0.0315714
0.0315714
0.0315714
0.0315714
0.0315714
0.0315714
0.0315714
0.0315714
0.0315714
0.0315714
0.0315714
0.0315714
0.0315714
0.0315714
0.0315714
0.0315714
0.0315714
0.0315714
0.0315714
0.0315714
0.0315714
0.0315714
0.0315714
0.0315714
0.0315714
0.0315714
0.0315714
0.0315714
0.0315714
0.0315714
0.0315714
0.0315714
0.0315714
0.0315714
0.0315714
0.0315714
0.0315714
0.0315714
0.0315714
0.0315714
0.0315714
0.0315714
0.0315714
0.0315714
0.0315714
0.0315714
0.0315714
0.0315714
0.0315714
0.0315714
0.0315714
0.0315714
0.0315714
0.0315714
0.0315714
0.0315714
0.0315714
0.0315714
0.0315714
0.0315714
0.0315714
0.0315714
0.0315714
0.0315714
0.0315714
0.0315714
0.0315714
0.0315714
0.0315714
0.0315714
0.0315714
0.0315714
0.0315714
0.0315714
0.0315714
0.0315714
0.0315714
0.0315714
0.0315714
0.0315714
0.0315714
0.0315714
0.0315714
0.0315714
0.0315714
0.0315714
0.0315714
0.0315714
0.0315714
0.0315714
0.0315714
0.0315714
0.0315714
0.0315714
0.0315714
0.0315714
0.0315714
0.0315714
0.0315714
0.0315714
0.0315714
0.0315714
0.0315714
0.0315714
0.0315714
0.0315714
0.0315714
0.0315714
0.0315714
0.0315714
0.0315714
0.0315714
0.0315714
0.0315714
0.0315714
0.0315714
0.0315714
0.0315714
0.0315714
0.0315714
0.0315714
0.0315714
0.0315714
0.0315714
0.0315714
0.0315714
0.0315714
0.0315714
0.0315714
0.0315714
0.0315714
0.0315714
0.0315714
0.0315714
0.0315714
0.0315714
0.0315714
0.0315714
0.0315714
0.0315714
0.0315714
0.0315714
0.0315714
0.0315714
0.0315714
0.0315714
0.0315714
0.0315714
0.0315714
0.0315714
0.0315714
0.0315714
0.0315714
0.0315714
0.0315714
0.0315714
0.0315714
0.0315714
0.0315714
0.0315714
0.0315714
0.0315714
0.0315714
0.0315714
0.0315714
0.0315714
0.0315714
0.0315714
0.0315714
0.0315714
0.0315714
0.0315714
0.0315714
0.0315714
0.0315714
0.0315714
0.0315714
0.0315714
0.0315714
0.0315714
0.0315714
0.0315714
0.0315714
0.0315714
0.0315714
0.0315714
0.0315714
0.0315714
0.0315714
0.0315714
0.0315714
0.0315714
0.0315714
0.0315714
0.0315714
0.0315714
0.0315714
0.0315714
0.0315714
0.0315714
0.0315714
0.0315714
0.0315714
0.0315714
0.0315714
0.0316066
0.0316066
0.0316066
0.0316066
0.0316066
0.0316066
0.0316066
0.0316066
0.031657
0.031657
0.031657
0.031657
0.031657
0.031657
0.031657
0.031657
0.0316869
0.0316869
0.0316869
0.0316869
0.0316869
0.0316869
0.0316869
0.0316869
0.0316869
0.0316869
0.0316869
0.0316869
0.0316869
0.0316869
0.0316869
0.0316869
0.0316869
0.0316869
0.0316869
0.0316869
0.0316869
0.0316869
0.0316869
0.0316869
0.0316869
0.0316869
0.0316869
0.0316869
0.0316869
0.0316869
0.0316869
0.0316869
0.0316869
0.0316869
0.0316869
0.0316869
0.0316869
0.0316869
0.0316869
0.0316869
0.0316869
0.0316869
0.0316827
0.0316827
0.0316827
0.0316827
0.0316827
0.0316827
0.0316827
0.0316827
0.0316827
0.0316827
0.0316827
0.0316827
0.0316827
0.0316827
0.0316827
0.0316827
0.0316827
0.0316827
0.0316827
0.0316827
0.0316827
0.0316827
0.0316827
0.0316827
0.0316827
0.0316827
0.0316827
0.0316827
0.0316827
0.0316827
0.0316827
0.0316827
0.0316827
0.0316827
0.0316827
0.0316827
0.0316827
0.0316827
0.0316827
0.0316827
0.0316827
0.0316827
0.0316827
0.0316827
0.0316827
0.0316827
0.0316827
0.0316068
0.0316068
0.0316068
0.0316068
0.0316068
0.0316068
0.0316068
0.0316068
0.0316068
0.0316068
0.0316068
0.0316068
0.0316068
0.0316068
0.0316068
0.0316068
0.0316068
0.0316068
0.0316068
0.0316068
0.0316068
0.0316068
0.0316068
0.0316068
0.0316068
0.0316068
0.0316068
0.0316068
0.0316068
0.0316068
0.0316068
0.0316068
0.0316068
0.0316068
0.0316068
0.0316068
0.0316068
0.0316068
0.0316068
0.0316068
0.0316068
0.0316068
0.0316068
0.0316068
0.0316068
0.0316068
0.0316068
0.0316068
0.0316068
0.0316068
0.0316068
0.0315175
0.0315175
0.0315175
0.0315175
0.0315175
0.0315175
0.0315175
0.0315175
0.0315175
0.0315175
0.0315175
0.0315175
0.0315175
0.0315175
0.0315175
0.0315175
0.0315175
0.0315175
0.0315175
0.0315175
0.0315175
0.0315175
0.0315175
0.0315175
0.0315175
0.0315175
0.0315175
0.0315175
0.0315175
0.0315175
0.0315175
0.0315175
0.0315175
0.0315175
0.0315175
0.0315175
0.0315175
0.0315175
0.0315175
0.0315175
0.0315175
0.0315175
0.0315175
0.0315175
0.0315175
0.0315175
0.0315175
0.0315175
0.0315175
0.0315175
0.0315175
0.0315175
0.0315175
0.0315175
0.0315175
0.031411
0.031411
0.031411
0.031411
0.031411
0.031411
0.031411
0.031411
0.031411
0.031411
0.031411
0.031411
0.031411
0.031411
0.031411
0.031411
0.031411
0.031411
0.031411
0.031411
0.031411
0.031411
0.031411
0.031411
0.031411
0.031411
0.031411
0.031411
0.031411
0.031411
0.031411
0.031411
0.031411
0.031411
0.031411
0.031411
0.031411
0.031411
0.031411
0.031411
0.031411
0.031411
0.031411
0.031411
0.031411
0.031411
0.031411
0.031411
0.031411
0.031411
0.031411
0.031411
0.031411
0.031411
0.031411
0.031411
0.031411
0.031411
0.031411
0.031411
0.031411
0.031411
0.031411
0.031411
0.031411
0.031411
0.031411
0.031411
0.031411
0.031411
0.031411
0.031411
0.031411
0.031411
0.031411
0.031411
0.031411
0.031411
0.031411
0.031411
0.031411
0.031411
0.031411
0.031411
0.031411
0.031411
0.031411
0.031411
0.031411
0.031411
0.031411
0.031411
0.031411
0.031411
0.031411
0.031411
0.031411
0.031411
0.031411
0.031411
0.031411
0.031411
0.031411
0.031411
0.031411
0.031411
0.031411
0.031411
0.031411
0.031411
0.031411
0.031411
0.031411
0.031411
0.031411
0.031411
0.031411
0.031411
0.031411
0.031411
0.031411
0.031411
0.031411
0.031411
0.031411
0.031411
0.031411
0.031411
0.031411
0.031411
0.031411
0.031411
0.031411
0.031411
0.031411
0.031411
0.031411
0.031411
0.031411
0.031411
0.031411
0.031411
0.031411
0.031411
0.031411
0.031411
0.031411
0.031411
0.031411
0.031411
0.031411
0.031411
0.031411
0.031411
0.031411
0.031411
0.031411
0.031411
0.031411
0.031411
0.031411
0.031411
0.031411
0.031411
0.031411
0.031411
0.031411
0.031411
0.031411
0.031411
0.031411
0.031411
0.031411
0.031411
0.031411
0.031411
0.031411
0.031411
0.031411
0.031411
0.031411
0.031411
0.031411
0.031411
0.031411
0.031411
0.031411
0.031411
0.031411
0.031411
0.031411
0.031411
0.031411
0.031411
0.031411
0.031411
0.031411
0.031411
0.031411
0.031411
0.031411
0.031411
0.031411
0.031411
0.031411
0.031411
0.031411
0.031411
0.031411
0.031411
0.031411
0.031411
0.031411
0.031411
0.031411
0.031411
0.031411
0.031411
0.031411
0.031411
0.031411
0.031411
0.031411
0.031411
0.031411
0.031411
0.031411
0.031411
0.031411
0.031411
0.031411
0.031411
0.031411
0.031411
0.031411
0.031411
0.031411
0.031411
0.031411
0.031411
0.031411
0.031411
0.031411
0.031411
0.031411
0.031411
0.031411
0.031411
0.031411
0.031411
0.031411
0.031411
0.031411
0.031411
0.031411
0.031411
0.031411
0.031411
0.031411
0.031411
0.031411
0.031411
0.031411
0.031411
0.031411
0.031411
0.031411
0.031411
0.031411
0.031411
0.031411
0.031411
0.031411
0.031411
0.031411
0.031411
0.031411
0.031411
0.031411
0.031411
0.031411
0.031411
0.031411
0.031411
0.031411
0.031411
0.031411
0.031411
0.031411
0.031411
0.031411
0.031411
0.031411
0.031411
0.031411
0.031411
0.031411
0.031411
0.031411
0.031411
0.031411
0.031411
0.031411
0.031411
0.031411
0.031411
0.031411
0.031411
0.031411
0.031411
0.031411
0.031411
0.031411
0.031411
0.031411
0.031411
0.031411
0.031411
0.031411
0.031411
0.031411
0.031411
0.031411
0.031411
0.031411
0.031411
0.031411
0.031411
0.031411
0.031411
0.031411
0.031411
0.031411
0.031411
0.031411
0.031411
0.031411
0.031411
0.031411
0.031411
0.031411
0.031411
0.031411
0.031411
0.031411
0.031411
0.031411
0.031411
0.031411
0.031411
0.031411
0.031411
0.031411
0.031411
0.031411
0.031411
0.031411
0.031411
0.031411
0.031411
0.031411
0.031411
0.031411
0.031411
0.031411
0.031411
0.031411
0.031411
0.031411
0.031411
0.031411
0.031411
0.031411
0.031411
0.031411
0.031411
0.031411
0.031411
0.031411
0.031411
0.031411
0.031411
0.031411
0.031411
0.031411
0.031411
0.031411
0.031411
0.031411
0.031411
0.031411
0.031411
0.031411
0.031411
0.031411
0.031411
0.031411
0.031411
0.031411
0.031411
0.031411
0.031411
0.031411
0.031411
0.031411
0.031411
0.031411
0.031411
0.031411
0.0314391
0.0314391
0.0314391
0.0314391
0.0314391
0.0314391
0.0314391
0.0314391
0.0314778
0.0314778
0.0314778
0.0314778
0.0314778
0.0314778
0.0314778
0.0314778
0.0315056
0.0315056
0.0315056
0.0315056
0.0315056
0.0315056
0.0315056
0.0315056
0.0315079
0.0315079
0.0315079
0.0315079
0.0315079
0.0315079
0.0315079
0.0315079
0.0315079
0.0315079
0.0315079
0.0315079
0.0315079
0.0315079
0.0315079
0.0315079
0.031534
0.031534
0.031534
0.031534
0.031534
0.031534
0.031534
0.031534
0.0315875
0.0315875
0.0315875
0.0315875
0.0315875
0.0315875
0.0315875
0.0315875
0.031614
0.031614
0.031614
0.031614
0.031614
0.031614
0.031614
0.031614
0.0316313
0.0316313
0.0316313
0.0316313
0.0316313
0.0316313
0.0316313
0.0316313
0.0316313
0.0316313
0.0316313
0.0316313
0.0316313
0.0316313
0.0316313
0.0316313
0.0316313
0.0316313
0.0316313
0.0316313
0.0316313
0.0316313
0.0316313
0.0316313
0.0316313
0.0316313
0.0316313
0.0316313
0.0316313
0.0316313
0.0316313
0.0316313
0.0316313
0.0316313
0.0316313
0.0316313
0.0316313
0.0316313
0.0316313
0.0316313
0.0316313
0.0316313
0.0316313
0.0316313
0.0316313
0.0316313
0.0316313
0.0316313
0.0316313
0.0316313
0.0316313
0.0316313
0.0316313
0.0316313
0.0316313
0.0316313
0.0316313
0.0316313
0.0316313
0.0316313
0.0316313
0.0316313
0.0316313
0.0316313
0.0316313
0.0316313
0.0316313
0.0316313
0.0316313
0.0316313
0.0316313
0.0316313
0.0316313
0.0316313
0.0316313
0.0316313
0.0316313
0.0316313
0.0316313
0.0316313
0.0316313
0.0316313
0.0316313
0.0316313
0.0316313
0.0316313
0.0316313
0.0316313
0.0316313
0.0316313
0.0316313
0.0316313
0.0316313
0.0316313
0.0316313
0.0316313
0.0316313
0.0316313
0.0316313
0.0316313
0.0316313
0.0316313
0.0316313
0.0316313
0.0316313
0.0316313
0.0316313
0.0316313
0.0316313
0.0316313
0.0316313
0.0316313
0.0316313
0.0316313
0.0316313
0.0316313
0.0316313
0.0316313
0.0316313
0.0316313
0.0316313
0.0316313
0.0316313
0.0316313
0.0316313
0.0316313
0.0316313
0.0316313
0.0316313
0.0316313
0.0316313
0.0316313
0.0316313
0.0316313
0.0316313
0.0316313
0.0316313
0.0316313
0.0316313
0.0316313
0.0316313
0.0316313
0.0316313
0.0316313
0.0316313
0.0316313
0.0316313
0.0316313
0.0316313
0.0316313
0.0316313
0.0316313
0.0316313
0.0316313
0.0316313
0.0316313
0.0316313
0.0316313
0.0316313
0.0316313
0.0316313
0.0316313
0.0316313
0.0316313
0.0316313
0.0316313
0.0316313
0.0316313
0.0316313
0.0316313
0.0316313
0.0316313
0.0316313
0.0316313
0.0316313
0.0316313
0.0316313
0.0316313
0.0316313
0.0316313
0.0316313
0.0316313
0.0316313
0.0316313
0.0316313
0.0316313
0.0316313
0.0316313
0.0316313
0.0316313
0.0316313
0.0316313
0.0316313
0.0316313
0.0316313
0.0316313
0.0316313
0.0316313
0.0316313
0.0316313
0.0316313
0.0316313
0.0316313
0.0316313
0.0316313
0.0316313
0.0316313
0.0316313
0.0316313
0.0316313
0.0316313
0.0316313
0.0316313
0.0316313
0.0316313
0.0316313
0.0316313
0.0316313
0.0316313
0.0316313
0.0316313
0.0316313
0.0316313
0.0316313
0.0316313
0.0316313
0.0316313
0.0316313
0.0316313
0.0316313
0.0316313
0.0316313
0.0316313
0.0316313
0.0316313
0.0316313
0.0316313
0.0316313
0.0316313
0.0316313
0.0316313
0.0316313
0.0316313
0.0316313
0.0316313
0.0316313
0.0316313
0.0316313
0.0316313
0.0316313
0.0316313
0.0316313
0.0316313
0.0316313
0.0316313
0.0316313
0.0316313
0.0316313
0.0316313
0.0316313
0.0316313
0.0316313
0.0316313
0.0316313
0.0316313
0.0316313
0.0316313
0.0316313
0.0316313
0.0316313
0.0316313
0.0316313
0.0316313
0.0316313
0.0316313
0.0316313
0.0316313
0.0316313
0.0316313
0.0316313
0.0316313
0.0316313
0.0316313
0.0316313
0.0316313
0.0316313
0.0316313
0.0316313
0.0316313
0.0316313
0.0316313
0.0316313
0.0316313
0.0316313
0.0316313
0.0316313
0.0316313
0.0316313
0.0316313
0.0316313
0.0316313
0.0316313
0.0316313
0.0316313
0.0316313
0.0316313
0.0316313
0.0316313
0.0316313
0.0316313
0.0316313
0.0316313
0.0316313
0.0316313
0.0316313
0.0316313
0.0316313
0.0316313
0.0316313
0.0316313
0.0316313
0.0316313
0.0316313
0.0316313
0.0316313
0.0316313
0.0316313
0.0316313
0.0316313
0.0316313
0.0316313
0.0316313
0.0316313
0.0316313
0.0316313
0.0316313
0.0316313
0.0316313
0.0316313
0.0316313
0.0316313
0.0316313
0.0316313
0.0316313
0.0316313
0.0316313
0.0316313
0.0316313
0.0316313
0.0316313
0.0316313
0.0316313
0.0316313
0.0316313
0.0316313
0.0316313
0.0316313
0.0316313
0.0316313
0.0316313
0.0316313
0.0316313
0.0316313
0.0316313
0.0316313
0.0316313
0.0316313
0.0316313
0.0316313
0.0316313
0.0316313
0.0316313
0.0316313
0.0316313
0.0316313
0.0316313
0.0316313
0.0316313
0.0316313
0.0316313
0.0316313
0.0316313
0.0316313
0.0316313
0.0316313
0.0316313
0.0316313
0.0316313
0.0316313
0.0316313
0.0316313
0.0316313
0.0316313
0.0316313
0.0316313
0.0316313
0.0316313
0.0316313
0.0316313
0.0316313
0.0316313
0.0316313
0.0316313
0.0316313
0.0316313
0.0316313
0.0316313
0.0316313
0.0316313
0.0316313
0.0316313
0.0316313
0.0316313
0.0316313
0.0316313
0.0316313
0.0316313
0.0316313
0.0316313
0.0316313
0.0316313
0.0316313
0.0316313
0.0316313
0.0316313
0.0316313
0.0316313
0.0316313
0.0316313
0.0316313
0.0316313
0.0316313
0.0316313
0.0316313
0.0316313
0.0316313
0.0316313
0.0316313
0.0316313
0.0316313
0.0316313
0.0316313
0.0316313
0.0316313
0.0316313
0.0316313
0.0316313
0.0316313
0.0316313
0.0316313
0.0316313
0.0316313
0.0316313
0.0316313
0.0316313
0.0316313
0.0316313
0.0316313
0.0316313
0.0316313
0.0316313
0.0316313
0.0316313
0.0316313
0.0316313
0.0316313
0.0316313
0.0316313
0.0316313
0.0316313
0.0316313
0.0316313
0.0316313
0.0316313
0.0316313
0.0316313
0.0316313
0.0316313
0.0316313
0.0316313
0.0316313
0.0316313
0.0316313
0.0316313
0.0316313
0.0316313
0.0316313
0.0316313
0.0316313
0.0316313
0.0316313
0.0316313
0.0316313
0.0316313
0.0316313
0.0316313
0.0316313
0.0316313
0.0316313
0.0316313
0.0316313
0.0316313
0.0316313
0.0316313
0.0316313
0.0316313
0.0316313
0.0316313
0.0316313
0.0316313
0.0316313
0.0316313
0.0316313
0.0316313
0.0316313
0.0316313
0.0316313
0.0316313
0.0316313
0.0316313
0.0316313
0.0316313
0.0316313
0.0316313
0.0316313
0.0316313
0.0316313
0.0316313
0.0316313
0.0316313
0.0316313
0.0316313
0.0316313
0.0316313
0.0316313
0.0316313
0.0316313
0.0316313
0.0316313
0.0316313
0.0316313
0.0316313
0.0316313
0.0316313
0.0316313
0.0316313
0.0316313
0.0316313
0.0316313
0.0316313
0.0316313
0.0316313
0.0316313
0.0316313
0.0316313
0.0316313
0.0316313
0.0316313
0.0316313
0.0316313
0.0316313
0.0316313
0.0316313
0.0316313
0.0316313
0.0316313
0.0316313
0.0316313
0.0316313
0.0316313
0.0316313
0.0316313
0.0316313
0.0316313
0.0316313
0.0316313
0.0316313
0.0316313
0.0316313
0.0316313
0.0316313
0.0316313
0.0316313
0.0316313
0.0316313
0.0316313
0.0316313
0.0316313
0.0316313
0.0316313
0.0316313
0.0316313
0.0316313
0.0316313
0.0316313
0.0316313
0.0316313
0.0316313
0.0316313
0.0316313
0.0316313
0.0316313
0.0316313
0.0316313
0.0316313
0.0316313
0.0316313
0.0316313
0.0316313
0.0316313
0.0316313
0.0316313
0.0316313
0.0316313
0.0316313
0.0316313
0.0316313
0.0316313
0.0316313
0.0316313
0.0316313
0.0316313
0.0316313
0.0316313
0.0316313
0.0316313
0.0316313
0.0316313
0.0316313
0.0316313
0.0316313
0.0316313
0.0316313
0.0316313
0.0316313
0.0316313
0.0316313
0.0316313
0.0316313
0.0316313
0.0316313
0.0316313
0.0316313
0.0316313
0.0316313
0.0316313
0.0316313
0.0316313
0.0316313
0.0316313
0.0316313
0.0316313
0.0316313
0.0316313
0.0316313
0.0316313
0.0316313
0.0316313
0.0316313
0.0316313
0.0316313
0.0316313
0.0316313
0.0316313
0.0316313
0.0316313
0.0316313
0.0316313
0.0316313
0.0316313
0.0316313
0.0316313
0.0316313
0.0316313
0.0316313
0.0316313
0.0316313
0.0316313
0.0316313
0.0316313
0.0316313
0.0316313
0.0316313
0.0316313
0.0316313
0.0316313
0.0316313
0.0316313
0.0316313
0.0316313
0.0316313
0.0316313
0.0316313
0.0316313
0.0316313
0.0316313
0.0316313
0.0316313
0.0316313
0.0316313
0.0316313
0.0316313
0.0316313
0.0316313
0.0316313
0.0316313
0.0316313
0.0316313
0.0316313
0.0316313
0.0316313
0.0316313
0.0316313
0.0316313
0.0316313
0.0316313
0.0316313
0.0316313
0.0316313
0.0316313
0.0316313
0.0316313
0.0316313
0.0316313
0.0316313
0.0316313
0.0316313
0.0316313
0.0316313
0.0316313
0.0316313
0.0316313
0.0316313
0.0316313
0.0316313
0.0316313
0.0316313
0.0316313
0.0316313
0.0316313
0.0316313
0.0316313
0.0316313
0.0316313
0.0316313
0.0316313
0.0316313
0.0316313
0.0316313
0.0316313
0.0316313
0.0316313
0.0316313
0.0316313
0.0316313
0.0316313
0.0316313
0.0316313
0.0316313
0.0316313
0.0316313
0.0316313
0.0316313
0.0316313
0.0316313
0.0316313
0.0316313
0.0316313
0.0316313
0.0316313
0.0316313
0.0316313
0.0316313
0.0316313
0.0316313
0.0316313
0.0316313
0.0316313
0.0316313
0.0316313
0.0316313
0.0316313
0.0316313
0.0316313
0.0316313
0.0316313
0.0316313
0.0316313
0.0316313
0.0316313
0.0316313
0.0316313
0.0316313
0.0316313
0.0316313
0.0316313
0.0316313
0.0316313
0.0316313
0.0316313
0.0316313
0.0316313
0.0316313
0.0316313
0.0316313
0.0316313
0.0316313
0.0316313
0.0316313
0.0316313
0.0316313
0.0316313
0.0316313
0.0316313
0.0316313
0.0316313
0.0316313
0.0316313
0.0316313
0.0316313
0.0316313
0.0316313
0.0316313
0.0316313
0.0316313
0.0316313
0.0316313
0.0316313
0.0316313
0.0316313
0.0316313
0.0316313
0.0316313
0.0316313
0.0316313
0.0316313
0.0316313
0.0316313
0.0316313
0.0316313
0.0316313
0.0316313
0.0316313
0.0316313
0.0316313
0.0316313
0.0316313
0.0316313
0.0316313
0.0316313
0.0316313
0.0316313
0.0316313
0.0316313
0.0316313
0.0316313
0.0316313
0.0316313
0.0316313
0.0316313
0.0316313
0.0316313
0.0316313
0.0316313
0.0316313
0.0316313
0.0316313
0.0316313
0.0316313
0.0316313
0.0316313
0.0316313
0.0316313
0.0316313
0.0316313
0.0316313
0.0316313
0.0316313
0.0316313
0.0316313
0.0316313
0.0316313
0.0316313
0.0316313
0.0316313
0.0316313
0.0316313
0.0316313
0.0316313
0.0316313
0.0316313
0.0316313
0.0316313
0.0316313
0.0316313
0.0316313
0.0316313
0.0316313
0.0316313
0.0316313
0.0316313
0.0316313
0.0316313
0.0316313
0.0316313
0.0316313
0.0316313
0.0316313
0.0316313
0.0316313
0.0316313
0.0316313
0.0316313
0.0316313
0.0316313
0.0316313
0.0316313
0.0316313
0.0316313
0.0316313
0.0316313
0.0316313
0.0316313
0.0316313
0.0316313
0.0316313
0.0316313
0.0316313
0.0316313
0.0316313
0.0316313
0.0316313
0.0316313
0.0316313
0.0316313
0.0316313
0.0316313
0.0316313
0.0316313
0.0316313
0.0316313
0.0316313
0.0316313
0.0316313
0.0316313
0.0316313
0.0316313
0.0316313
0.0316313
0.0316313
0.0316313
0.0316313
0.0316313
0.0316313
0.0316313
0.0316313
0.0316313
0.0316313
0.0316313
0.0316313
0.0316313
0.0316313
0.0316313
0.0316313
0.0316313
0.0316313
0.0316313
0.0316313
0.0316313
0.0316313
0.0316313
0.0316313
0.0316313
0.0316313
0.0316313
0.0316313
0.0316313
0.0316313
0.0316313
0.0316313
0.0316313
0.0316313
0.0316313
0.0316313
0.0316313
0.0316313
0.0316313
0.0316313
0.0316313
0.0316313
0.0316313
0.0316313
0.0316313
0.0316313
0.0316313
0.0316313
0.0316313
0.0316313
0.0316313
0.0316313
0.0316313
0.0316313
0.0316313
0.0316313
0.0316313
0.0316313
0.0316313
0.0316313
0.0316313
0.0316313
0.0316313
0.0316313
0.0316313
0.0316313
0.0316313
0.0316313
0.0316313
0.0316313
0.0316313
0.0316313
0.0316313
0.0316313
0.0316313
0.0316313
0.0316313
0.0316313
0.0316313
0.0316313
0.0316313
0.0316313
0.0316313
0.0316313
0.0316313
0.0316313
0.0316313
0.0316313
0.0316313
0.0316313
0.0316313
0.0316313
0.0316313
0.0316313
0.0316313
0.0316313
0.0316313
0.0316313
0.0316313
0.0316313
0.0316313
0.0316313
0.0316313
0.0316313
0.0316313
0.0316313
0.0316313
0.0316313
0.0316313
0.0316313
0.0316313
0.0316313
0.0316313
0.0316313
0.0316313
0.0316313
0.0316313
0.0316313
0.0316313
0.0316313
0.0316313
0.0316313
0.0316313
0.0316313
0.0316313
0.0316313
0.0316313
0.0316313
0.0316313
0.0316313
0.0316313
0.0316313
0.0316313
0.0316313
0.0316313
0.0316313
0.0316313
0.0316313
0.0316313
0.0316313
0.0316313
0.0316313
0.0316313
0.0316313
0.0316313
0.0316313
0.0316313
0.0316313
0.0316313
0.0316313
0.0316313
0.0316313
0.0316313
0.0316313
0.0316313
0.0316313
0.0316313
0.0316313
0.0316313
0.0316313
0.0316313
0.0316313
0.0316313
0.0316313
0.0316313
0.0316313
0.0316313
0.0316313
0.0316313
0.0316313
0.0316313
0.0316313
0.0316313
0.0316313
0.0316313
0.0316313
0.0316313
0.0316313
0.0316313
0.0316313
0.0316313
0.0316313
0.0316313
0.0316313
0.0316313
0.0316313
0.0316313
0.0316313
0.0316313
0.0316313
0.0316313
0.0316313
0.0316313
0.0316313
0.0316313
0.0316313
0.0316313
0.0316313
0.0316313
0.0316313
0.0316313
0.0316313
0.0316313
0.0316313
0.0316313
0.0316313
0.0316313
0.0316313
0.0316313
0.0316313
0.0316313
0.0316313
0.0316313
0.0316313
0.0316313
0.0316313
0.0316313
0.0316313
0.0316313
0.0316313
0.0316313
0.0316313
0.0316313
0.0316313
0.0316313
0.0316313
0.0316313
0.0316313
0.0316313
0.0316313
0.0316313
0.0316313
0.0316313
0.0316313
0.0316313
0.0316313
0.0316313
0.0316313
0.0316313
0.0316313
0.0316313
0.0316313
0.0316313
0.0316313
0.0316313
0.0316313
0.0316313
0.0316313
0.0316313
0.0316313
0.0316313
0.0316313
0.0316313
0.0316313
0.0316313
0.0316313
0.0316313
0.0316313
0.0316313
0.0316313
0.0316313
0.0316313
0.0316313
0.0316313
0.0316313
0.0316313
0.0316313
0.0316313
0.0316313
0.0316313
0.0316313
0.0316313
0.0316313
0.0316313
0.0316313
0.0316313
0.0316313
0.0316313
0.0316313
0.0316313
0.0316313
0.0316313
0.0316313
0.0316313
0.0316313
0.0316313
0.0316313
0.0316313
0.0316313
0.0316313
0.0316313
0.0316313
0.0316313
0.0316313
0.0316313
0.0316313
0.0316313
0.0316313
0.0316313
0.0316313
0.0316313
0.0316313
0.0316313
0.0316313
0.0316313
0.0316313
0.0316313
0.0316313
0.0316313
0.0316313
0.0316313
0.0316313
0.0316313
0.0316313
0.0316313
0.0316313
0.0316313
0.0316313
0.0316313
0.0316313
0.0316313
0.0316313
0.0316313
0.0316313
0.0316313
0.0316313
0.0316313
0.0316313
0.0316313
0.0316313
0.0316313
0.0316313
0.0316313
0.0316313
0.0316313
0.0316313
0.0316313
0.0316313
0.0316313
0.0316313
0.0316313
0.0316313
0.0316313
0.0316313
0.0316313
0.0316313
0.0316313
0.0316313
0.0316313
0.0316313
0.0316313
0.0316313
0.0316313
0.0316313
0.0316313
0.0316313
0.0316313
0.0316313
0.0316313
0.0316313
0.0316313
0.0316313
0.0316313
0.0316313
0.0316313
0.0316313
0.0316313
0.0316313
0.0316313
0.0316313
0.0316313
0.0316313
0.0316313
0.0316313
0.0316313
0.0316313
0.0316313
0.0316313
0.0316313
0.0316313
0.0316313
0.0316313
0.0316313
0.0316313
0.0316313
0.0316313
0.0316313
0.0316313
0.0316313
0.0316313
0.0316313
0.0316313
0.0316313
0.0316313
0.0316313
0.0316313
0.0316313
0.0316313
0.0316313
0.0316313
0.0316313
0.0316313
0.0316313
0.0316313
0.0316313
0.0316313
0.0316313
0.0316313
0.0316313
0.0316313
0.0316313
0.0316313
0.0316313
0.0316313
0.0316313
0.0316313
0.0316313
0.0316313
0.0316313
0.0316313
0.0316313
0.0316313
0.0316313
0.0316313
0.0316313
0.0316313
0.0316313
0.0316313
0.0316313
0.0316313
0.0316313
0.0316313
0.0316313
0.0316313
0.0316313
0.0316313
0.0316313
0.0316313
0.0316313
0.0316313
0.0316313
0.0316313
0.0316313
0.0316313
0.0316313
0.0316313
0.0316313
0.0316313
0.0316313
0.0316313
0.0316313
0.0316313
0.0316313
0.0316313
0.0316313
0.0316313
0.0316313
0.0316313
0.0316313
0.0316313
0.0316313
0.0316313
0.0316313
0.0316313
0.0316313
0.0316313
0.0316313
0.0316313
0.0316313
0.0316313
0.0316313
0.0316313
0.0316313
0.0316313
0.0316313
0.0316313
0.0316313
0.0316313
0.0316313
0.0316313
0.0316313
0.0316313
0.0316313
0.0316313
0.0316313
0.0316313
0.0316313
0.0316313
0.0316313
0.0316313
0.0316313
0.0316313
0.0316313
0.0316313
0.0316313
0.0316313
0.0316313
0.0316313
0.0316313
0.0316313
0.0316313
0.0316313
0.0316313
0.0316313
0.0316313
0.0316313
0.0316313
0.0316313
0.0316313
0.0316313
0.0316313
0.0316313
0.0316313
0.0316313
0.0316313
0.0316313
0.0316313
0.0316313
0.0316313
0.0316313
0.0316313
0.0316313
0.0316313
0.0316313
0.0316313
0.0316313
0.0316313
0.0316313
0.0316313
0.0316313
0.0316313
0.0316313
0.0316313
0.0316313
0.0316313
0.0316313
0.0316313
0.0316313
0.0316313
0.0316313
0.0316313
0.0316313
0.0316313
0.0316313
0.0316313
0.0316313
0.0316313
0.0316313
0.0316313
0.0316313
0.0316313
0.0316313
0.0316313
0.0316313
0.0316313
0.0316313
0.0316313
0.0316313
0.0316313
0.0316313
0.0316313
0.0316313
0.0316313
0.0316313
0.0316313
0.0316313
0.0316313
0.0316313
0.0316313
0.0316313
0.0316313
0.0316313
0.0316313
0.0316313
0.0316313
0.0316313
0.0316313
0.0316313
0.0316313
0.0316313
0.0316313
0.0316313
0.0316313
0.0316313
0.0316313
0.0316313
0.0316313
0.0316313
0.0316313
0.0316313
0.0316313
0.0316313
0.0316313
0.0316313
0.0316313
0.0316313
0.0316313
0.0316313
0.0316313
0.0316313
0.0316313
0.0316313
0.0316313
0.0316313
0.0316313
0.0316313
0.0316313
0.0316313
0.0316313
0.0316313
0.0316313
0.0316313
0.0316313
0.0316313
0.0316313
0.0316313
0.0316313
0.0316313
0.0316313
0.0316313
0.0316313
0.0316313
0.0316313
0.0316313
0.0316313
0.0316313
0.0316313
0.0316313
0.0316313
0.0316313
0.0316313
0.0316313
0.0316313
0.0316313
0.0316313
0.0316313
0.0316313
0.0316313
0.0316313
0.0316313
0.0316313
0.0316313
0.0316313
0.0316313
0.0316313
0.0316313
0.0316313
0.0316313
0.0316313
0.0316313
0.0316313
0.0316313
0.0316313
0.0316313
0.0316313
0.0316313
0.0316313
0.0316313
0.0316313
0.0316313
0.0316313
0.0316313
0.0316313
0.0316313
0.0316313
0.0316313
0.0316313
0.0316313
0.0316313
0.0316313
0.0316313
0.0316313
0.0316313
0.0316313
0.0316313
0.0316313
0.0316313
0.0316313
0.0316313
0.0316313
0.0316313
0.0316313
0.0316313
0.0316313
0.0316313
0.0316313
0.0316313
0.0316313
0.0316313
0.0316313
0.0316313
0.0316313
0.0316313
0.0316313
0.0316313
0.0316313
0.0316313
0.0316313
0.0316313
0.0316313
0.0316313
0.0316313
0.0316313
0.0316313
0.0316313
0.0316313
0.0316313
0.0316313
0.0316313
0.0316313
0.0316313
0.0316313
0.0316313
0.0316313
0.0316313
0.0316313
0.0316313
0.0316313
0.0316313
0.0316313
0.0316313
0.0316313
0.0316313
0.0316313
0.0316313
0.0316313
0.0316313
0.0316313
0.0316313
0.0316313
0.0316313
0.0316313
0.0316313
0.0316313
0.0316313
0.0316313
0.0316313
0.0316313
0.0316313
0.0316313
0.0316313
0.0316313
0.0316313
0.0316313
0.0316313
0.0316313
0.0316313
0.0316313
0.0316313
0.0316313
0.0316313
0.0316313
0.0316313
0.0316313
0.0316313
0.0316313
0.0316313
0.0316313
0.0316313
0.0316313
0.0316313
0.0316313
0.0316313
0.0316313
0.0316313
0.0316313
0.0316313
0.0316313
0.0316313
0.0316313
0.0316313
0.0316313
0.0316313
0.0316313
0.0316313
0.0316313
0.0316313
0.0316313
0.0316313
0.0316313
0.0316313
0.0316313
0.0316313
0.0316313
0.0316313
0.0316313
0.0316313
0.0316313
0.0316313
0.0316313
0.0316313
0.0316313
0.0316313
0.0316313
0.0316313
0.0316313
0.0316313
0.0316313
0.0316313
0.0316313
0.0316313
0.0316313
0.0316313
0.0316313
0.0316313
0.0316313
0.0316313
0.0316313
0.0316313
0.0316313
0.0316313
0.0316313
0.0316313
0.0316313
0.0316313
0.0316313
0.0316313
0.0316313
0.0316313
0.0316313
0.0316313
0.0316313
0.0316313
0.0316313
0.0316313
0.0316313
0.0316313
0.0316313
0.0316313
0.0316313
0.0316313
0.0316313
0.0316313
0.0316313
0.0316313
0.0316313
0.0316313
0.0316726
0.0316726
0.0316726
0.0316726
0.0316726
0.0316726
0.0316726
0.0316726
0.0317497
0.0317497
0.0317497
0.0317497
0.0317497
0.0317497
0.0317497
0.0317497
0.0317679
0.0317679
0.0317679
0.0317679
0.0317679
0.0317679
0.0317679
0.0317679
0.0317836
0.0317836
0.0317836
0.0317836
0.0317836
0.0317836
0.0317836
0.0317836
0.0317836
0.0317836
0.0317836
0.0317836
0.0317836
0.0317836
0.0317836
0.0317836
0.0317836
0.0317836
0.0317836
0.0317836
0.0317836
0.0317836
0.0317836
0.0317836
0.0317836
0.0317836
0.0317836
0.0317836
0.0317836
0.0317836
0.0317836
0.0317836
0.031794
0.031794
0.031794
0.031794
0.031794
0.031794
0.031794
0.031794
0.0318136
0.0318136
0.0318136
0.0318136
0.0318136
0.0318136
0.0318136
0.0318136
0.0318167
0.0318167
0.0318167
0.0318167
0.0318167
0.0318167
0.0318167
0.0318167
0.0318169
0.0318169
0.0318169
0.0318169
0.0318169
0.0318169
0.0318169
0.0318169
0.0318169
0.0318169
0.0318169
0.0318169
0.0318169
0.0318169
0.0318169
0.0318169
0.0318169
0.0318169
0.0318169
0.0318169
0.0318169
0.0318169
0.0318169
0.0318169
0.0318169
0.0318169
0.0318169
0.0318169
0.0318169
0.0318169
0.0318169
0.0318169
0.0318169
0.0318169
0.0318169
0.0318169
0.0318169
0.0318169
0.0318169
0.0318169
0.0318169
0.0318169
0.0318169
0.0318169
0.0318169
0.0318169
0.0318169
0.0318169
0.0318169
0.0318169
0.0318169
0.0318169
0.0318169
0.0318169
0.0318169
0.0318169
0.0318169
0.0318169
0.0318169
0.0318169
0.0318169
0.0318169
0.0318169
0.0318169
0.0318169
0.0318169
0.0318169
0.0318169
0.0318169
0.0318169
0.0318169
0.0318169
0.0318169
0.0318169
0.0318169
0.0318636
0.0318636
0.0318636
0.0318636
0.0318636
0.0318636
0.0318636
0.0318636
0.031935
0.031935
0.031935
0.031935
0.031935
0.031935
0.031935
0.031935
0.031952
0.031952
0.031952
0.031952
0.031952
0.031952
0.031952
0.031952
0.0319621
0.0319621
0.0319621
0.0319621
0.0319621
0.0319621
0.0319621
0.0319621
0.0319621
0.0319621
0.0319621
0.0319621
0.0319621
0.0319621
0.0319621
0.0319621
0.0319621
0.0319621
0.0319621
0.0319621
0.0319621
0.0319621
0.0319621
0.0319621
0.0319621
0.0319621
0.0319621
0.0319621
0.0319621
0.0319621
0.0319621
0.0319621
0.0319783
0.0319783
0.0319783
0.0319783
0.0319783
0.0319783
0.0319783
0.0319783
0.0320217
0.0320217
0.0320217
0.0320217
0.0320217
0.0320217
0.0320217
0.0320217
0.0320217
0.0320217
0.0320217
0.0320217
0.0320217
0.0320217
0.0320217
0.0320217
0.0320217
0.0320217
0.0320217
0.0320217
0.0320217
0.0320217
0.0320217
0.0320217
0.0320217
0.0320217
0.0320217
0.0320217
0.0320217
0.0320217
0.0320217
0.0320217
0.0320217
0.0320217
0.0320217
0.0320217
0.0320217
0.0320217
0.0320217
0.0320217
0.0320217
0.0320217
0.0320217
0.0320217
0.0320217
0.0320217
0.0320217
0.0320217
0.0320217
0.0320217
0.0320217
0.0320217
0.0320217
0.0320217
0.0320217
0.0320217
0.0320217
0.0320217
0.0320217
0.0320217
0.0320217
0.0320217
0.0320217
0.0320217
0.0320217
0.0320217
0.0320217
0.0320217
0.0320217
0.0320217
0.0320217
0.0320217
0.0320217
0.0320217
0.0320217
0.0320217
0.0320217
0.0320217
0.0320217
0.0320217
0.0320217
0.0320217
0.0320217
0.0320217
0.0320217
0.0320217
0.0320217
0.0320217
0.0320217
0.0320217
0.0320217
0.0320217
0.0320217
0.0320217
0.0320217
0.0320217
0.0320217
0.0320217
0.0320217
0.0320786
0.0320786
0.0320786
0.0320786
0.0320786
0.0320786
0.0320786
0.0320786
0.0321045
0.0321045
0.0321045
0.0321045
0.0321045
0.0321045
0.0321045
0.0321045
0.0321049
0.0321049
0.0321049
0.0321049
0.0321049
0.0321049
0.0321049
0.0321049
0.0321049
0.0321049
0.0321049
0.0321049
0.0321049
0.0321049
0.0321049
0.0321049
0.0321049
0.0321049
0.0321049
0.0321049
0.0321049
0.0321049
0.0321049
0.0321049
0.0321139
0.0321139
0.0321139
0.0321139
0.0321139
0.0321139
0.0321139
0.0321139
0.0321458
0.0321458
0.0321458
0.0321458
0.0321458
0.0321458
0.0321458
0.0321458
0.0321894
0.0321894
0.0321894
0.0321894
0.0321894
0.0321894
0.0321894
0.0321894
0.0321894
0.0321894
0.0321894
0.0321894
0.0321894
0.0321894
0.0321894
0.0321894
0.0321894
0.0321894
0.0321894
0.0321894
0.0321894
0.0321894
0.0321894
0.0321894
0.0321894
0.0321894
0.0321894
0.0321894
0.0321894
0.0321894
0.0321894
0.0321894
0.0321894
0.0321894
0.0321894
0.0321894
0.0321894
0.0321894
0.0321894
0.0321894
0.0321894
0.0321894
0.0321894
0.0321894
0.0321894
0.0321894
0.0321894
0.0321894
0.0321894
0.0321894
0.0321894
0.0321894
0.0321894
0.0321894
0.0321894
0.0321894
0.0321894
0.0321894
0.0321894
0.0321894
0.0321894
0.0321894
0.0321894
0.0321894
0.0321894
0.0321894
0.0321894
0.0321894
0.0321894
0.0321894
0.0321894
0.0321894
0.0321894
0.0321894
0.0321894
0.0321894
0.0321894
0.0321894
0.0321894
0.0321894
0.0321894
0.0321894
0.0321894
0.0321894
0.0321894
0.0321894
0.0321894
0.0321894
0.0321894
0.0321894
0.0321894
0.0321894
0.0321894
0.0321894
0.0321894
0.0321894
0.0321894
0.0321894
0.0321894
0.0321894
0.0321894
0.0321894
0.0321894
0.0321894
0.0321894
0.0321894
0.0321894
0.0322195
0.0322195
0.0322195
0.0322195
0.0322195
0.0322195
0.0322195
0.0322195
0.0322249
0.0322249
0.0322249
0.0322249
0.0322249
0.0322249
0.0322249
0.0322249
0.0322249
0.0322249
0.0322249
0.0322249
0.0322249
0.0322249
0.0322249
0.0322249
0.0322249
0.0322249
0.0322249
0.0322249
0.0322249
0.0322249
0.0322249
0.0322249
0.0322482
0.0322482
0.0322482
0.0322482
0.0322482
0.0322482
0.0322482
0.0322482
0.0322809
0.0322809
0.0322809
0.0322809
0.0322809
0.0322809
0.0322809
0.0322809
0.0323177
0.0323177
0.0323177
0.0323177
0.0323177
0.0323177
0.0323177
0.0323177
0.0323177
0.0323177
0.0323177
0.0323177
0.0323177
0.0323177
0.0323177
0.0323177
0.0323177
0.0323177
0.0323177
0.0323177
0.0323177
0.0323177
0.0323177
0.0323177
0.0323177
0.0323177
0.0323177
0.0323177
0.0323177
0.0323177
0.0323177
0.0323177
0.0323177
0.0323177
0.0323177
0.0323177
0.0323177
0.0323177
0.0323177
0.0323177
0.0323177
0.0323177
0.0323177
0.0323177
0.0323177
0.0323177
0.0323177
0.0323177
0.0323177
0.0323177
0.0323177
0.0323177
0.0323177
0.0323177
0.0323177
0.0323177
0.0323177
0.0323177
0.0323177
0.0323177
0.0323177
0.0323177
0.0323177
0.0323177
0.0323177
0.0323177
0.0323177
0.0323177
0.0323177
0.0323177
0.0323177
0.0323177
0.0323177
0.0323177
0.0323177
0.0323177
0.0323177
0.0323177
0.0323177
0.0323177
0.0323177
0.0323177
0.0323177
0.0323177
0.0323177
0.0323177
0.0323177
0.0323177
0.0323177
0.0323177
0.0323177
0.0323177
0.0323177
0.0323177
0.0323177
0.0323177
0.0323177
0.0323177
0.0323177
0.0323177
0.0323177
0.0323177
0.0323177
0.0323177
0.0323177
0.0323177
0.0323177
0.0323177
0.0323177
0.0323177
0.0323177
0.0323177
0.0323177
0.0323177
0.0323177
0.032325
0.032325
0.032325
0.032325
0.032325
0.032325
0.032325
0.032325
0.032325
0.032325
0.032325
0.032325
0.032325
0.032325
0.032325
0.032325
0.032325
0.032325
0.032325
0.032325
0.032325
0.032325
0.032325
0.032325
0.0323503
0.0323503
0.0323503
0.0323503
0.0323503
0.0323503
0.0323503
0.0323503
0.0323817
0.0323817
0.0323817
0.0323817
0.0323817
0.0323817
0.0323817
0.0323817
0.0324091
0.0324091
0.0324091
0.0324091
0.0324091
0.0324091
0.0324091
0.0324091
0.0324091
0.0324091
0.0324091
0.0324091
0.0324091
0.0324091
0.0324091
0.0324091
0.0324091
0.0324091
0.0324091
0.0324091
0.0324091
0.0324091
0.0324091
0.0324091
0.0324091
0.0324091
0.0324091
0.0324091
0.0324091
0.0324091
0.0324091
0.0324091
0.0324091
0.0324091
0.0324091
0.0324091
0.0324091
0.0324091
0.0324091
0.0324091
0.0324091
0.0324091
0.0324091
0.0324091
0.0324091
0.0324091
0.0324091
0.0324091
0.0324091
0.0324091
0.0324091
0.0324091
0.0324091
0.0324091
0.0324091
0.0324091
0.0324091
0.0324091
0.0324091
0.0324091
0.0324091
0.0324091
0.0324091
0.0324091
0.0324091
0.0324091
0.0324091
0.0324091
0.0324091
0.0324091
0.0324091
0.0324091
0.0324091
0.0324091
0.0324091
0.0324091
0.0324091
0.0324091
0.0324091
0.0324091
0.0324091
0.0324091
0.0324091
0.0324091
0.0324091
0.0324091
0.0324091
0.0324091
0.0324091
0.0324091
0.0324091
0.0324091
0.0324091
0.0324091
0.0324091
0.0324091
0.0324091
0.0324091
0.0324091
0.0324091
0.0324091
0.0324091
0.0324091
0.0324091
0.0324091
0.0324091
0.0324091
0.0324091
0.0324091
0.0324091
0.0324091
0.0324091
0.0324091
0.0324091
0.0324091
0.0324091
0.0324091
0.0324091
0.0324091
0.0324091
0.0324091
0.0324091
0.0324091
0.0324091
0.0324091
0.0324091
0.0324091
0.0324091
0.0324091
0.0324091
0.0324091
0.0324091
0.0324091
0.0324091
0.0324091
0.0324091
0.0324091
0.0324091
0.0324091
0.0324219
0.0324219
0.0324219
0.0324219
0.0324219
0.0324219
0.0324219
0.0324219
0.0324573
0.0324573
0.0324573
0.0324573
0.0324573
0.0324573
0.0324573
0.0324573
0.0324708
0.0324708
0.0324708
0.0324708
0.0324708
0.0324708
0.0324708
0.0324708
0.0324708
0.0324708
0.0324708
0.0324708
0.0324708
0.0324708
0.0324708
0.0324708
0.0324708
0.0324708
0.0324708
0.0324708
0.0324708
0.0324708
0.0324708
0.0324708
0.0324708
0.0324708
0.0324708
0.0324708
0.0324708
0.0324708
0.0324708
0.0324708
0.0324708
0.0324708
0.0324708
0.0324708
0.0324708
0.0324708
0.0324708
0.0324708
0.0324708
0.0324708
0.0324708
0.0324708
0.0324708
0.0324708
0.0324708
0.0324708
0.0324708
0.0324708
0.0324708
0.0324708
0.0324708
0.0324708
0.0324708
0.0324708
0.0324708
0.0324708
0.0324708
0.0324708
0.0324708
0.0324708
0.0324708
0.0324708
0.0324708
0.0324708
0.0324708
0.0324708
0.0324708
0.0324708
0.0324708
0.0324708
0.0324708
0.0324708
0.0324708
0.0324708
0.0324708
0.0324708
0.0324708
0.0324708
0.0324708
0.0324708
0.0324708
0.0324708
0.0324708
0.0324708
0.0324708
0.0324708
0.0324708
0.0324708
0.0324708
0.0324708
0.0324708
0.0324708
0.0324708
0.0324708
0.0324708
0.0324708
0.0324708
0.0324708
0.0324708
0.0324708
0.0324708
0.0324708
0.0324708
0.0324708
0.0324708
0.0324708
0.0324708
0.0324708
0.0324708
0.0324708
0.0324708
0.0324708
0.0324708
0.0324708
0.0324708
0.0324708
0.0324708
0.0324708
0.0324708
0.0324708
0.0324708
0.0324708
0.0324708
0.0324708
0.0324708
0.0324708
0.0324708
0.0324708
0.0324708
0.0324708
0.0324708
0.0324708
0.0324708
0.0324708
0.0324708
0.0324708
0.0324708
0.0324708
0.0324708
0.0324708
0.0324708
0.0324708
0.0324708
0.0324708
0.0324708
0.0325113
0.0325113
0.0325113
0.0325113
0.0325113
0.0325113
0.0325113
0.0325113
0.0325164
0.0325164
0.0325164
0.0325164
0.0325164
0.0325164
0.0325164
0.0325164
0.0325164
0.0325164
0.0325164
0.0325164
0.0325164
0.0325164
0.0325164
0.0325164
0.0325164
0.0325164
0.0325164
0.0325164
0.0325164
0.0325164
0.0325164
0.0325164
0.0325164
0.0325164
0.0325164
0.0325164
0.0325164
0.0325164
0.0325164
0.0325164
0.0325164
0.0325164
0.0325164
0.0325164
0.0325164
0.0325164
0.0325164
0.0325164
0.0325164
0.0325164
0.0325164
0.0325164
0.0325164
0.0325164
0.0325164
0.0325164
0.0325164
0.0325164
0.0325164
0.0325164
0.0325164
0.0325164
0.0325164
0.0325164
0.0325164
0.0325164
0.0325164
0.0325164
0.0325164
0.0325164
0.0325164
0.0325164
0.0325164
0.0325164
0.0325164
0.0325164
0.0325164
0.0325164
0.0325164
0.0325164
0.0325164
0.0325164
0.0325164
0.0325164
0.0325164
0.0325164
0.0325164
0.0325164
0.0325164
0.0325164
0.0325164
0.0325164
0.0325164
0.0325164
0.0325164
0.0325164
0.0325164
0.0325164
0.0325164
0.0325164
0.0325164
0.0325164
0.0325164
0.0325164
0.0325164
0.0325164
0.0325164
0.0325164
0.0325164
0.0325164
0.0325164
0.0325164
0.0325164
0.0325164
0.0325164
0.0325164
0.0325164
0.0325164
0.0325164
0.0325164
0.0325164
0.0325164
0.0325164
0.0325164
0.0325164
0.0325164
0.0325164
0.0325164
0.0325164
0.0325164
0.0325164
0.0325164
0.0325164
0.0325164
0.0325164
0.0325164
0.0325164
0.0325164
0.0325164
0.0325164
0.0325164
0.0325164
0.0325164
0.0325164
0.0325164
0.0325164
0.0325164
0.0325164
0.0325164
0.0325164
0.0325164
0.0325164
0.0325164
0.0325164
0.0325164
0.0325349
0.0325349
0.0325349
0.0325349
0.0325349
0.0325349
0.0325349
0.0325349
0.0325349
0.0325349
0.0325349
0.0325349
0.0325349
0.0325349
0.0325349
0.0325349
0.0325349
0.0325349
0.0325349
0.0325349
0.0325349
0.0325349
0.0325349
0.0325349
0.0325349
0.0325349
0.0325349
0.0325349
0.0325349
0.0325349
0.0325349
0.0325349
0.0325349
0.0325349
0.0325349
0.0325349
0.0325349
0.0325349
0.0325349
0.0325349
0.0325349
0.0325349
0.0325349
0.0325349
0.0325349
0.0325349
0.0325349
0.0325349
0.0325349
0.0325349
0.0325349
0.0325349
0.0325349
0.0325349
0.0325349
0.0325349
0.0325349
0.0325349
0.0325349
0.0325349
0.0325349
0.0325349
0.0325349
0.0325349
0.0325349
0.0325349
0.0325349
0.0325349
0.0325349
0.0325349
0.0325349
0.0325349
0.0325349
0.0325349
0.0325349
0.0325349
0.0325349
0.0325349
0.0325349
0.0325349
0.0325349
0.0325349
0.0325349
0.0325349
0.0325349
0.0325349
0.0325349
0.0325349
0.0325349
0.0325349
0.0325349
0.0325349
0.0325349
0.0325349
0.0325349
0.0325349
0.0325349
0.0325349
0.0325349
0.0325349
0.0325349
0.0325349
0.0325349
0.0325349
0.0325349
0.0325349
0.0325349
0.0325349
0.0325349
0.0325349
0.0325349
0.0325349
0.0325349
0.0325349
0.0325349
0.0325349
0.0325349
0.0325349
0.0325349
0.0325349
0.0325349
0.0325349
0.0325349
0.0325349
0.0325349
0.0325349
0.0325349
0.0325349
0.0325349
0.0325349
0.0325349
0.0325349
0.0325349
0.0325349
0.0325349
0.0325349
0.0325349
0.0325349
0.0325349
0.0325349
0.0325349
0.0325349
0.0325349
0.0325349
0.0325349
0.0325349
0.0325349
0.0325349
0.0325349
0.0325349
0.0325349
0.0325349
0.0325349
0.0325349
0.0325349
0.0325349
0.0325349
0.0325349
0.0325349
0.0325349
0.0325349
0.0325349
0.0325349
0.0325349
0.0325349
0.0325349
0.0325349
0.0325349
0.0325349
0.0325349
0.0325349
0.0325349
0.0325349
0.0325349
0.0325349
0.0325349
0.0325349
0.0325349
0.0325349
0.0325349
0.0325349
0.0325349
0.0325349
0.0325349
0.0325349
0.0325349
0.0325349
0.0325349
0.0325349
0.0325349
0.0325349
0.0325349
0.0325349
0.0325349
0.0325349
0.0325349
0.0325349
0.0325349
0.0325349
0.0325349
0.0325349
0.0325349
0.0325349
0.0325349
0.0325349
0.0325349
0.0325349
0.0325349
0.0325349
0.0325349
0.0325349
0.0325349
0.0325349
0.0325349
0.0325349
0.0325349
0.0325349
0.0325349
0.0325349
0.0325349
0.0325349
0.0325349
0.0325349
0.0325349
0.0325349
0.0325349
0.0325349
0.0325349
0.0325349
0.0325349
0.0325349
0.0325349
0.0325349
0.0325349
0.0325349
0.0325349
0.0325349
0.0325349
0.0325349
0.0325349
0.0325349
0.0325349
0.0325349
0.0325349
0.0325349
0.0325349
0.0325349
0.0325349
0.0325349
0.0325349
0.0325349
0.0325349
0.0325349
0.0325349
0.0325349
0.0325349
0.0325349
0.0325349
0.0325349
0.0325349
0.0325349
0.0325349
0.0325349
0.0325349
0.0325349
0.0325349
0.0325349
0.0325349
0.0325349
0.0325349
0.0325349
0.0325349
0.0325349
0.0325349
0.0325349
0.0325349
0.0325349
0.0325349
0.0325349
0.0325349
0.0325349
0.0325349
0.0325349
0.0325349
0.0325349
0.0325349
0.0325349
0.0325349
0.0325349
0.0325349
0.0325349
0.0325349
0.0325349
0.0325349
0.0325349
0.0325349
0.0325349
0.0325349
0.0325349
0.0325349
0.0325349
0.0325349
0.0325349
0.0325349
0.0325349
0.0325349
0.0325349
0.0325349
0.0325349
0.0325349
0.0325349
0.0325349
0.0325349
0.0325349
0.0325349
0.0325349
0.0325349
0.0325349
0.0325349
0.0325349
0.0325349
0.0325349
0.0325349
0.0325349
0.0325349
0.0325349
0.0325349
0.0325349
0.0325349
0.0325349
0.0325349
0.0325349
0.0325349
0.0325349
0.0325349
0.0325349
0.0325349
0.0325349
0.0325349
0.0325349
0.0325349
0.0325349
0.0325349
0.0325349
0.0325349
0.0325349
0.0325349
0.0325349
0.0325349
0.0325349
0.0325349
0.0325349
0.0325349
0.0325349
0.0325349
0.0325349
0.0325349
0.0325349
0.0325349
0.0325349
0.0325349
0.0325349
0.0325349
0.0325349
0.0325349
0.0325349
0.0325349
0.0325349
0.0325349
0.0325349
0.0325349
0.0325349
0.0325349
0.0325349
0.0325349
0.0325349
0.0325349
0.0325349
0.0325349
0.0325349
0.0325349
0.0325349
0.0325349
0.0325349
0.0325349
0.0325349
0.0325349
0.0325349
0.0325349
0.0325349
0.0325349
0.0325349
0.0325349
0.0325349
0.0325349
0.0325349
0.0325349
0.0325349
0.0325349
0.0325349
0.0325349
0.0325349
0.0325349
0.0325349
0.0325349
0.0325349
0.0325349
0.0325349
0.0325349
0.0325349
0.0325349
0.0325349
0.0325349
0.0325349
0.0325349
0.0325349
0.0325349
0.0325349
0.0325349
0.0325349
0.0325349
0.0325349
0.0325349
0.0325349
0.0325349
0.0325349
0.0325349
0.0325349
0.0325349
0.0325349
0.0325349
0.0325349
0.0325349
0.0325349
0.0325349
0.0325349
0.0325349
0.0325349
0.0325349
0.0325349
0.0325349
0.0325349
0.0325349
0.0325349
0.0325349
0.0325349
0.0325349
0.0325349
0.0325349
0.0325349
0.0325349
0.0325349
0.0325349
0.0325349
0.0325349
0.0325349
0.0325349
0.0325349
0.0325349
0.0325349
0.0325349
0.0325349
0.0325349
0.0325349
0.0325349
0.0325349
0.0325349
0.0325349
0.0325349
0.0325349
0.0325349
0.0325349
0.0325349
0.0325349
0.0325349
0.0325349
0.0325349
0.0325349
0.0325349
0.0325349
0.0325349
0.0325349
0.0325349
0.0325349
0.0325349
0.0325349
0.0325349
0.0325349
0.0325349
0.0325349
0.0325349
0.0325349
0.0325349
0.0325349
0.0325349
0.0325349
0.0325349
0.0325349
0.0325349
0.0325349
0.0325349
0.0325349
0.0325349
0.0325349
0.0325349
0.0325349
0.0325349
0.0325349
0.0325349
0.0325349
0.0325349
0.0325349
0.0325349
0.0325349
0.0325349
0.0325349
0.0325349
0.0325349
0.0325349
0.0325349
0.0325349
0.0325349
0.0325349
0.0325349
0.0325349
0.0325349
0.0325349
0.0325349
0.0325349
0.0325349
0.0325349
0.0325349
0.0325349
0.0325349
0.0325349
0.0325349
0.0325349
0.0325349
0.0325349
0.0325349
0.0325349
0.0325349
0.0325349
0.0325349
0.0325349
0.0325349
0.0325349
0.0325349
0.0325349
0.0325349
0.0325349
0.0325349
0.0325349
0.0325349
0.0325349
0.0325349
0.0325349
0.0325349
0.0325349
0.0325349
0.0325349
0.0325349
0.0325349
0.0325349
0.0325349
0.0325349
0.0325349
0.0325349
0.0325349
0.0325349
0.0325349
0.0325349
0.0325349
0.0325349
0.0325349
0.0325349
0.0325349
0.0325349
0.0325349
0.0325349
0.0325349
0.0325349
0.0325349
0.0325349
0.0325349
0.0325349
0.0325349
0.0325349
0.0325349
0.0325349
0.0325349
0.0325349
0.0325349
0.0325349
0.0325349
0.0325349
0.0325349
0.0325349
0.0325349
0.0325349
0.0325349
0.0325349
0.0325349
0.0325349
0.0325349
0.0325349
0.0325349
0.0325349
0.0325349
0.0325349
0.0325349
0.0325349
0.0325349
0.0325349
0.0325349
0.0325349
0.0325349
0.0325349
0.0325349
0.0325349
0.0325349
0.0325349
0.0325349
0.0325349
0.0325349
0.0325349
0.0325349
0.0325349
0.0325349
0.0325349
0.0325349
0.0325349
0.0325349
0.0325349
0.0325349
0.0325349
0.0325349
0.0325349
0.0325349
0.0325349
0.0325349
0.0325349
0.0325349
0.0325349
0.0325349
0.0325349
0.0325349
0.0325349
0.0325349
0.0325349
0.0325349
0.0325349
0.0325349
0.0325349
0.0325349
0.0325349
0.0325349
0.0325349
0.0325349
0.0325349
0.0325349
0.0325349
0.0325349
0.0325349
0.0325349
0.0325349
0.0325349
0.0325349
0.0325349
0.0325349
0.0325349
0.0325349
0.0325349
0.0325349
0.0325349
0.0325349
0.0325349
0.0325349
0.0325349
0.0325349
0.0325349
0.0325349
0.0325349
0.0325349
0.0325349
0.0325349
0.0325349
0.0325349
0.0325349
0.0325349
0.0325349
0.0325349
0.0325349
0.0325349
0.0325349
0.0325349
0.0325349
0.0325349
0.0325349
0.0325349
0.0325349
0.0325349
0.0325349
0.0325349
0.0325349
0.0325349
0.0325349
0.0325349
0.0325349
0.0325349
0.0325349
0.0325349
0.0325349
0.0325349
0.0325349
0.0325349
0.0325349
0.0325349
0.0325349
0.0325349
0.0325349
0.0325349
0.0325349
0.0325349
0.0325349
0.0325349
0.0325349
0.0325349
0.0325349
0.0325349
0.0325349
0.0325349
0.0325349
0.0325349
0.0325349
0.0325349
0.0325349
0.0325349
0.0325349
0.0325349
0.0325349
0.0325349
0.0325349
0.0325349
0.0325349
0.0325349
0.0325349
0.0325349
0.0325349
0.0325349
0.0325349
0.0325349
0.0325349
0.0325349
0.0325349
0.0325349
0.0325349
0.0325349
1.001
1.003
1.005
1.007
1.009
1.011
1.013
1.015
1.017
1.019
1.021
1.023
1.025
1.027
1.029
1.031
1.033
1.035
1.037
1.039
1.041
1.043
1.045
1.047
1.049
1.051
1.053
1.055
1.057
1.059
1.061
1.063
1.065
1.067
1.069
1.071
1.073
1.075
1.077
1.079
1.081
1.083
1.085
1.087
1.089
1.091
1.093
1.095
1.097
1.099
1.101
1.103
1.105
1.107
1.109
1.111
1.113
1.115
1.117
1.119
1.121
1.123
1.125
1.127
1.129
1.131
1.133
1.135
1.137
1.139
1.141
1.143
1.145
1.147
1.149
1.151
1.153
1.155
1.157
1.159
1.161
1.163
1.165
1.167
1.169
1.171
1.173
1.175
1.177
1.179
1.181
1.183
1.185
1.187
1.189
1.191
1.193
1.195
1.197
1.199
1.201
1.203
1.205
1.207
1.209
1.211
1.213
1.215
1.217
1.219
1.221
1.223
1.225
1.227
1.229
1.231
1.233
1.235
1.237
1.239
1.241
1.243
1.245
1.247
1.249
1.251
1.253
1.255
1.257
1.259
1.261
1.263
1.265
1.267
1.269
1.271
1.273
1.275
1.277
1.279
1.281
1.283
1.285
1.287
1.289
1.291
1.293
1.295
1.297
1.299
1.301
1.303
1.305
1.307
1.309
1.311
1.313
1.315
1.317
1.319
1.321
1.323
1.325
1.327
1.329
1.331
1.333
1.335
1.337
1.339
1.341
1.343
1.345
1.347
1.349
1.351
1.353
1.355
1.357
1.359
1.361
1.363
1.365
1.367
1.369
1.371
1.373
1.375
1.377
1.379
1.381
1.383
1.385
1.387
1.389
1.391
1.393
1.395
1.397
1.399
1.401
1.403
1.405
1.407
1.409
1.411
1.413
1.415
1.417
1.419
1.421
1.423
1.425
1.427
1.429
1.431
1.433
1.435
1.437
1.439
1.441
1.443
1.445
1.447
1.449
1.451
1.453
1.455
1.457
1.459
1.461
1.463
1.465
1.467
1.469
1.471
1.473
1.475
1.477
1.479
1.481
1.483
1.485
1.487
1.489
1.491
1.493
1.495
1.497
1.499
1.501
1.503
1.505
1.507
1.509
1.511
1.513
1.515
1.517
1.519
1.521
1.523
1.525
1.527
1.529
1.531
1.533
1.535
1.537
1.539
1.541
1.543
1.545
1.547
1.549
1.551
1.553
1.555
1.557
1.559
1.561
1.563
1.565
1.567
1.569
1.571
1.573
1.575
1.577
1.579
1.581
1.583
1.585
1.587
1.589
1.591
1.593
1.595
1.597
1.599
1.601
1.603
1.605
1.607
1.609
1.611
1.613
1.615
1.617
1.619
1.621
1.623
1.625
1.627
1.629
1.631
1.633
1.635
1.637
1.639
1.641
1.643
1.645
1.647
1.649
1.651
1.653
1.655
1.657
1.659
1.661
1.663
1.665
1.667
1.669
1.671
1.673
1.675
1.677
1.679
1.681
1.683
1.685
1.687
1.689
1.691
1.693
1.695
1.697
1.699
1.701
1.703
1.705
1.707
1.709
1.711
1.713
1.715
1.717
1.719
1.721
1.723
1.725
1.727
1.729
1.731
1.733
1.735
1.737
1.739
1.741
1.743
1.745
1.747
1.749
1.751
1.753
1.755
1.757
1.759
1.761
1.763
1.765
1.767
1.769
1.771
1.773
1.775
1.777
1.779
1.781
1.783
1.785
1.787
1.789
1.791
1.793
1.795
1.797
1.799
1.801
1.803
1.805
1.807
1.809
1.811
1.813
1.815
1.817
1.819
1.821
1.823
1.825
1.827
1.829
1.831
1.833
1.835
1.837
1.839
1.841
1.843
1.845
1.847
1.849
1.851
1.853
1.855
1.857
1.859
1.861
1.863
1.865
1.867
1.869
1.871
1.873
1.875
1.877
1.879
1.881
1.883
1.885
1.887
1.889
1.891
1.893
1.895
1.897
1.899
1.901
1.903
1.905
1.907
1.909
1.911
1.913
1.915
1.917
1.919
1.921
1.923
1.925
1.927
1.929
1.931
1.933
1.935
1.937
1.939
1.941
1.943
1.945
1.947
1.949
1.951
1.953
1.955
1.957
1.959
1.961
1.963
1.965
1.967
1.969
1.971
1.973
1.975
1.977
1.979
1.981
1.983
1.985
1.987
1.989
1.991
1.993
1.995
1.997
1.999
2.001
2.003
2.005
2.007
2.009
2.011
2.013
2.015
2.017
2.019
2.021
2.023
2.025
2.027
2.029
2.031
2.033
2.035
2.037
2.039
2.041
2.043
2.045
2.047
2.049
2.051
2.053
2.055
2.057
2.059
2.061
2.063
2.065
2.067
2.069
2.071
2.073
2.075
2.077
2.079
2.081
2.083
2.085
2.087
2.089
2.091
2.093
2.095
2.097
2.099
2.101
2.103
2.105
2.107
2.109
2.111
2.113
2.115
2.117
2.119
2.121
2.123
2.125
2.127
2.129
2.131
2.133
2.135
2.137
2.139
2.141
2.143
2.145
2.147
2.149
2.151
2.153
2.155
2.157
2.159
2.161
2.163
2.165
2.167
2.169
2.171
2.173
2.175
2.177
2.179
2.181
2.183
2.185
2.187
2.189
2.191
2.193
2.195
2.197
2.199
2.201
2.203
2.205
2.207
2.209
2.211
2.213
2.215
2.217
2.219
2.221
2.223
2.225
2.227
2.229
2.231
2.233
2.235
2.237
2.239
2.241
2.243
2.245
2.247
2.249
2.251
2.253
2.255
2.257
2.259
2.261
2.263
2.265
2.267
2.269
2.271
2.273
2.275
2.277
2.279
2.281
2.283
2.285
2.287
2.289
2.291
2.293
2.295
2.297
2.299
2.301
2.303
2.305
2.307
2.309
2.311
2.313
2.315
2.317
2.319
2.321
2.323
2.325
2.327
2.329
2.331
2.333
2.335
2.337
2.339
2.341
2.343
2.345
2.347
2.349
2.351
2.353
2.355
2.357
2.359
2.361
2.363
2.365
2.367
2.369
2.371
2.373
2.375
2.377
2.379
2.381
2.383
2.385
2.387
2.389
2.391
2.393
2.395
2.397
2.399
2.401
2.403
2.405
2.407
2.409
2.411
2.413
2.415
2.417
2.419
2.421
2.423
2.425
2.427
2.429
2.431
2.433
2.435
2.437
2.439
2.441
2.443
2.445
2.447
2.449
2.451
2.453
2.455
2.457
2.459
2.461
2.463
2.465
2.467
2.469
2.471
2.473
2.475
2.477
2.479
2.481
2.483
2.485
2.487
2.489
2.491
2.493
2.495
2.497
2.499
2.501
2.503
2.505
2.507
2.509
2.511
2.513
2.515
2.517
2.519
2.521
2.523
2.525
2.527
2.529
2.531
2.533
2.535
2.537
2.539
2.541
2.543
2.545
2.547
2.549
2.551
2.553
2.555
2.557
2.559
2.561
2.563
2.565
2.567
2.569
2.571
2.573
2.575
2.577
2.579
2.581
2.583
2.585
2.587
2.589
2.591
2.593
2.595
2.597
2.599
2.601
2.603
2.605
2.607
2.609
2.611
2.613
2.615
2.617
2.619
2.621
2.623
2.625
2.627
2.629
2.631
2.633
2.635
2.637
2.639
2.641
2.643
2.645
2.647
2.649
2.651
2.653
2.655
2.657
2.659
2.661
2.663
2.665
2.667
2.669
2.671
2.673
2.675
2.677
2.679
2.681
2.683
2.685
2.687
2.689
2.691
2.693
2.695
2.697
2.699
2.701
2.703
2.705
2.707
2.709
2.711
2.713
2.715
2.717
2.719
2.721
2.723
2.725
2.727
2.729
2.731
2.733
2.735
2.737
2.739
2.741
2.743
2.745
2.747
2.749
2.751
2.753
2.755
2.757
2.759
2.761
2.763
2.765
2.767
2.769
2.771
2.773
2.775
2.777
2.779
2.781
2.783
2.785
2.787
2.789
2.791
2.793
2.795
2.797
2.799
2.801
2.803
2.805
2.807
2.809
2.811
2.813
2.815
2.817
2.819
2.821
2.823
2.825
2.827
2.829
2.831
2.833
2.835
2.837
2.839
2.841
2.843
2.845
2.847
2.849
2.851
2.853
2.855
2.857
2.859
2.861
2.863
2.865
2.867
2.869
2.871
2.873
2.875
2.877
2.879
2.881
2.883
2.885
2.887
2.889
2.891
2.893
2.895
2.897
2.899
2.901
2.903
2.905
2.907
2.909
2.911
2.913
2.915
2.917
2.919
2.921
2.923
2.925
2.927
2.929
2.931
2.933
2.935
2.937
2.939
2.941
2.943
2.945
2.947
2.949
2.951
2.953
2.955
2.957
2.959
2.961
2.963
2.965
2.967
2.969
2.971
2.973
2.975
2.977
2.979
2.981
2.983
2.985
2.987
2.989
2.991
2.993
2.995
2.997
2.999
3.001
3.003
3.005
3.007
3.009
3.011
3.013
3.015
3.017
3.019
3.021
3.023
3.025
3.027
3.029
3.031
3.033
3.035
3.037
3.039
3.041
3.043
3.045
3.047
3.049
3.051
3.053
3.055
3.057
3.059
3.061
3.063
3.065
3.067
3.069
3.071
3.073
3.075
3.077
3.079
3.081
3.083
3.085
3.087
3.089
3.091
3.093
3.095
3.097
3.099
3.101
3.103
3.105
3.107
3.109
3.111
3.113
3.115
3.117
3.119
3.121
3.123
3.125
3.127
3.129
3.131
3.133
3.135
3.137
3.139
3.141
3.143
3.145
3.147
3.149
3.151
3.153
3.155
3.157
3.159
3.161
3.163
3.165
3.167
3.169
3.171
3.173
3.175
3.177
3.179
3.181
3.183
3.185
3.187
3.189
3.191
3.193
3.195
3.197
3.199
3.201
3.203
3.205
3.207
3.209
3.211
3.213
3.215
3.217
3.219
3.221
3.223
3.225
3.227
3.229
3.231
3.233
3.235
3.237
3.239
3.241
3.243
3.245
3.247
3.249
3.251
3.253
3.255
3.257
3.259
3.261
3.263
3.265
3.267
3.269
3.271
3.273
3.275
3.277
3.279
3.281
3.283
3.285
3.287
3.289
3.291
3.293
3.295
3.297
3.299
3.301
3.303
3.305
3.307
3.309
3.311
3.313
3.315
3.317
3.319
3.321
3.323
3.325
3.327
3.329
3.331
3.333
3.335
3.337
3.339
3.341
3.343
3.345
3.347
3.349
3.351
3.353
3.355
3.357
3.359
3.361
3.363
3.365
3.367
3.369
3.371
3.373
3.375
3.377
3.379
3.381
3.383
3.385
3.387
3.389
3.391
3.393
3.395
3.397
3.399
3.401
3.403
3.405
3.407
3.409
3.411
3.413
3.415
3.417
3.419
3.421
3.423
3.425
3.427
3.429
3.431
3.433
3.435
3.437
3.439
3.441
3.443
3.445
3.447
3.449
3.451
3.453
3.455
3.457
3.459
3.461
3.463
3.465
3.467
3.469
3.471
3.473
3.475
3.477
3.479
3.481
3.483
3.485
3.487
3.489
3.491
3.493
3.495
3.497
3.499
3.501
3.503
3.505
3.507
3.509
3.511
3.513
3.515
3.517
3.519
3.521
3.523
3.525
3.527
3.529
3.531
3.533
3.535
3.537
3.539
3.541
3.543
3.545
3.547
3.549
3.551
3.553
3.555
3.557
3.559
3.561
3.563
3.565
3.567
3.569
3.571
3.573
3.575
3.577
3.579
3.581
3.583
3.585
3.587
3.589
3.591
3.593
3.595
3.597
3.599
3.601
3.603
3.605
3.607
3.609
3.611
3.613
3.615
3.617
3.619
3.621
3.623
3.625
3.627
3.629
3.631
3.633
3.635
3.637
3.639
3.641
3.643
3.645
3.647
3.649
3.651
3.653
3.655
3.657
3.659
3.661
3.663
3.665
3.667
3.669
3.671
3.673
3.675
3.677
3.679
3.681
3.683
3.685
3.687
3.689
3.691
3.693
3.695
3.697
3.699
3.701
3.703
3.705
3.707
3.709
3.711
3.713
3.715
3.717
3.719
3.721
3.723
3.725
3.727
3.729
3.731
3.733
3.735
3.737
3.739
3.741
3.743
3.745
3.747
3.749
3.751
3.753
3.755
3.757
3.759
3.761
3.763
3.765
3.767
3.769
3.771
3.773
3.775
3.777
3.779
3.781
3.783
3.785
3.787
3.789
3.791
3.793
3.795
3.797
3.799
3.801
3.803
3.805
3.807
3.809
3.811
3.813
3.815
3.817
3.819
3.821
3.823
3.825
3.827
3.829
3.831
3.833
3.835
3.837
3.839
3.841
3.843
3.845
3.847
3.849
3.851
3.853
3.855
3.857
3.859
3.861
3.863
3.865
3.867
3.869
3.871
3.873
3.875
3.877
3.879
3.881
3.883
3.885
3.887
3.889
3.891
3.893
3.895
3.897
3.899
3.901
3.903
3.905
3.907
3.909
3.911
3.913
3.915
3.917
3.919
3.921
3.923
3.925
3.927
3.929
3.931
3.933
3.935
3.937
3.939
3.941
3.943
3.945
3.947
3.949
3.951
3.953
3.955
3.957
3.959
3.961
3.963
3.965
3.967
3.969
3.971
3.973
3.975
3.977
3.979
3.981
3.983
3.985
3.987
3.989
3.991
3.993
3.995
3.997
3.999
4.001
4.003
4.005
4.007
4.009
4.011
4.013
4.015
4.017
4.019
4.021
4.023
4.025
4.027
4.029
4.031
4.033
4.035
4.037
4.039
4.041
4.043
4.045
4.047
4.049
4.051
4.053
4.055
4.057
4.059
4.061
4.063
4.065
4.067
4.069
4.071
4.073
4.075
4.077
4.079
4.081
4.083
4.085
4.087
4.089
4.091
4.093
4.095
4.097
4.099
4.101
4.103
4.105
4.107
4.109
4.111
4.113
4.115
4.117
4.119
4.121
4.123
4.125
4.127
4.129
4.131
4.133
4.135
4.137
4.139
4.141
4.143
4.145
4.147
4.149
4.151
4.153
4.155
4.157
4.159
4.161
4.163
4.165
4.167
4.169
4.171
4.173
4.175
4.177
4.179
4.181
4.183
4.185
4.187
4.189
4.191
4.193
4.195
4.197
4.199
4.201
4.203
4.205
4.207
4.209
4.211
4.213
4.215
4.217
4.219
4.221
4.223
4.225
4.227
4.229
4.231
4.233
4.235
4.237
4.239
4.241
4.243
4.245
4.247
4.249
4.251
4.253
4.255
4.257
4.259
4.261
4.263
4.265
4.267
4.269
4.271
4.273
4.275
4.277
4.279
4.281
4.283
4.285
4.287
4.289
4.291
4.293
4.295
4.297
4.299
4.301
4.303
4.305
4.307
4.309
4.311
4.313
4.315
4.317
4.319
4.321
4.323
4.325
4.327
4.329
4.331
4.333
4.335
4.337
4.339
4.341
4.343
4.345
4.347
4.349
4.351
4.353
4.355
4.357
4.359
4.361
4.363
4.365
4.367
4.369
4.371
4.373
4.375
4.377
4.379
4.381
4.383
4.385
4.387
4.389
4.391
4.393
4.395
4.397
4.399
4.401
4.403
4.405
4.407
4.409
4.411
4.413
4.415
4.417
4.419
4.421
4.423
4.425
4.427
4.429
4.431
4.433
4.435
4.437
4.439
4.441
4.443
4.445
4.447
4.449
4.451
4.453
4.455
4.457
4.459
4.461
4.463
4.465
4.467
4.469
4.471
4.473
4.475
4.477
4.479
4.481
4.483
4.485
4.487
4.489
4.491
4.493
4.495
4.497
4.499
4.501
4.503
4.505
4.507
4.509
4.511
4.513
4.515
4.517
4.519
4.521
4.523
4.525
4.527
4.529
4.531
4.533
4.535
4.537
4.539
4.541
4.543
4.545
4.547
4.549
4.551
4.553
4.555
4.557
4.559
4.561
4.563
4.565
4.567
4.569
4.571
4.573
4.575
4.577
4.579
4.581
4.583
4.585
4.587
4.589
4.591
4.593
4.595
4.597
4.599
4.601
4.603
4.605
4.607
4.609
4.611
4.613
4.615
4.617
4.619
4.621
4.623
4.625
4.627
4.629
4.631
4.633
4.635
4.637
4.639
4.641
4.643
4.645
4.647
4.649
4.651
4.653
4.655
4.657
4.659
4.661
4.663
4.665
4.667
4.669
4.671
4.673
4.675
4.677
4.679
4.681
4.683
4.685
4.687
4.689
4.691
4.693
4.695
4.697
4.699
4.701
4.703
4.705
4.707
4.709
4.711
4.713
4.715
4.717
4.719
4.721
4.723
4.725
4.727
4.729
4.731
4.733
4.735
4.737
4.739
4.741
4.743
4.745
4.747
4.749
4.751
4.753
4.755
4.757
4.759
4.761
4.763
4.765
4.767
4.769
4.771
4.773
4.775
4.777
4.779
4.781
4.783
4.785
4.787
4.789
4.791
4.793
4.795
4.797
4.799
4.801
4.803
4.805
4.807
4.809
4.811
4.813
4.815
4.817
4.819
4.821
4.823
4.825
4.827
4.829
4.831
4.833
4.835
4.837
4.839
4.841
4.843
4.845
4.847
4.849
4.851
4.853
4.855
4.857
4.859
4.861
4.863
4.865
4.867
4.869
4.871
4.873
4.875
4.877
4.879
4.881
4.883
4.885
4.887
4.889
4.891
4.893
4.895
4.897
4.899
4.901
4.903
4.905
4.907
4.909
4.911
4.913
4.915
4.917
4.919
4.921
4.923
4.925
4.927
4.929
4.931
4.933
4.935
4.937
4.939
4.941
4.943
4.945
4.947
4.949
4.951
4.953
4.955
4.957
4.959
4.961
4.963
4.965
4.967
4.969
4.971
4.973
4.975
4.977
4.979
4.981
4.983
4.985
4.987
4.989
4.991
4.993
4.995
4.997
4.999
5.001
5.003
5.005
5.007
5.009
5.011
5.013
5.015
5.017
5.019
5.021
5.023
5.025
5.027
5.029
5.031
5.033
5.035
5.037
5.039
5.041
5.043
5.045
5.047
5.049
5.051
5.053
5.055
5.057
5.059
5.061
5.063
5.065
5.067
5.069
5.071
5.073
5.075
5.077
5.079
5.081
5.083
5.085
5.087
5.089
5.091
5.093
5.095
5.097
5.099
5.101
5.103
5.105
5.107
5.109
5.111
5.113
5.115
5.117
5.119
5.121
5.123
5.125
5.127
5.129
5.131
5.133
5.135
5.137
5.139
5.141
5.143
5.145
5.147
5.149
5.151
5.153
5.155
5.157
5.159
5.161
5.163
5.165
5.167
5.169
5.171
5.173
5.175
5.177
5.179
5.181
5.183
5.185
5.187
5.189
5.191
5.193
5.195
5.197
5.199
5.201
5.203
5.205
5.207
5.209
5.211
5.213
5.215
5.217
5.219
5.221
5.223
5.225
5.227
5.229
5.231
5.233
5.235
5.237
5.239
5.241
5.243
5.245
5.247
5.249
5.251
5.253
5.255
5.257
5.259
5.261
5.263
5.265
5.267
5.269
5.271
5.273
5.275
5.277
5.279
5.281
5.283
5.285
5.287
5.289
5.291
5.293
5.295
5.297
5.299
5.301
5.303
5.305
5.307
5.309
5.311
5.313
5.315
5.317
5.319
5.321
5.323
5.325
5.327
5.329
5.331
5.333
5.335
5.337
5.339
5.341
5.343
5.345
5.347
5.349
5.351
5.353
5.355
5.357
5.359
5.361
5.363
5.365
5.367
5.369
5.371
5.373
5.375
5.377
5.379
5.381
5.383
5.385
5.387
5.389
5.391
5.393
5.395
5.397
5.399
5.401
5.403
5.405
5.407
5.409
5.411
5.413
5.415
5.417
5.419
5.421
5.423
5.425
5.427
5.429
5.431
5.433
5.435
5.437
5.439
5.441
5.443
5.445
5.447
5.449
5.451
5.453
5.455
5.457
5.459
5.461
5.463
5.465
5.467
5.469
5.471
5.473
5.475
5.477
5.479
5.481
5.483
5.485
5.487
5.489
5.491
5.493
5.495
5.497
5.499
5.501
5.503
5.505
5.507
5.509
5.511
5.513
5.515
5.517
5.519
5.521
5.523
5.525
5.527
5.529
5.531
5.533
5.535
5.537
5.539
5.541
5.543
5.545
5.547
5.549
5.551
5.553
5.555
5.557
5.559
5.561
5.563
5.565
5.567
5.569
5.571
5.573
5.575
5.577
5.579
5.581
5.583
5.585
5.587
5.589
5.591
5.593
5.595
5.597
5.599
5.601
5.603
5.605
5.607
5.609
5.611
5.613
5.615
5.617
5.619
5.621
5.623
5.625
5.627
5.629
5.631
5.633
5.635
5.637
5.639
5.641
5.643
5.645
5.647
5.649
5.651
5.653
5.655
5.657
5.659
5.661
5.663
5.665
5.667
5.669
5.671
5.673
5.675
5.677
5.679
5.681
5.683
5.685
5.687
5.689
5.691
5.693
5.695
5.697
5.699
5.701
5.703
5.705
5.707
5.709
5.711
5.713
5.715
5.717
5.719
5.721
5.723
5.725
5.727
5.729
5.731
5.733
5.735
5.737
5.739
5.741
5.743
5.745
5.747
5.749
5.751
5.753
5.755
5.757
5.759
5.761
5.763
5.765
5.767
5.769
5.771
5.773
5.775
5.777
5.779
5.781
5.783
5.785
5.787
5.789
5.791
5.793
5.795
5.797
5.799
5.801
5.803
5.805
5.807
5.809
5.811
5.813
5.815
5.817
5.819
5.821
5.823
5.825
5.827
5.829
5.831
5.833
5.835
5.837
5.839
5.841
5.843
5.845
5.847
5.849
5.851
5.853
5.855
5.857
5.859
5.861
5.863
5.865
5.867
5.869
5.871
5.873
5.875
5.877
5.879
5.881
5.883
5.885
5.887
5.889
5.891
5.893
5.895
5.897
5.899
5.901
5.903
5.905
5.907
5.909
5.911
5.913
5.915
5.917
5.919
5.921
5.923
5.925
5.927
5.929
5.931
5.933
5.935
5.937
5.939
5.941
5.943
5.945
5.947
5.949
5.951
5.953
5.955
5.957
5.959
5.961
5.963
5.965
5.967
5.969
5.971
5.973
5.975
5.977
5.979
5.981
5.983
5.985
5.987
5.989
5.991
5.993
5.995
5.997
5.999
6.001
6.003
6.005
6.007
6.009
6.011
6.013
6.015
6.017
6.019
6.021
6.023
6.025
6.027
6.029
6.031
6.033
6.035
6.037
6.039
6.041
6.043
6.045
6.047
6.049
6.051
6.053
6.055
6.057
6.059
6.061
6.063
6.065
6.067
6.069
6.071
6.073
6.075
6.077
6.079
6.081
6.083
6.085
6.087
6.089
6.091
6.093
6.095
6.097
6.099
6.101
6.103
6.105
6.107
6.109
6.111
6.113
6.115
6.117
6.119
6.121
6.123
6.125
6.127
6.129
6.131
6.133
6.135
6.137
6.139
6.141
6.143
6.145
6.147
6.149
6.151
6.153
6.155
6.157
6.159
6.161
6.163
6.165
6.167
6.169
6.171
6.173
6.175
6.177
6.179
6.181
6.183
6.185
6.187
6.189
6.191
6.193
6.195
6.197
6.199
6.201
6.203
6.205
6.207
6.209
6.211
6.213
6.215
6.217
6.219
6.221
6.223
6.225
6.227
6.229
6.231
6.233
6.235
6.237
6.239
6.241
6.243
6.245
6.247
6.249
6.251
6.253
6.255
6.257
6.259
6.261
6.263
6.265
6.267
6.269
6.271
6.273
6.275
6.277
6.279
6.281
6.283
6.285
6.287
6.289
6.291
6.293
6.295
6.297
6.299
6.301
6.303
6.305
6.307
6.309
6.311
6.313
6.315
6.317
6.319
6.321
6.323
6.325
6.327
6.329
6.331
6.333
6.335
6.337
6.339
6.341
6.343
6.345
6.347
6.349
6.351
6.353
6.355
6.357
6.359
6.361
6.363
6.365
6.367
6.369
6.371
6.373
6.375
6.377
6.379
6.381
6.383
6.385
6.387
6.389
6.391
6.393
6.395
6.397
6.399
6.401
6.403
6.405
6.407
6.409
6.411
6.413
6.415
6.417
6.419
6.421
6.423
6.425
6.427
6.429
6.431
6.433
6.435
6.437
6.439
6.441
6.443
6.445
6.447
6.449
6.451
6.453
6.455
6.457
6.459
6.461
6.463
6.465
6.467
6.469
6.471
6.473
6.475
6.477
6.479
6.481
6.483
6.485
6.487
6.489
6.491
6.493
6.495
6.497
6.499
6.501
6.503
6.505
6.507
6.509
6.511
6.513
6.515
6.517
6.519
6.521
6.523
6.525
6.527
6.529
6.531
6.533
6.535
6.537
6.539
6.541
6.543
6.545
6.547
6.549
6.551
6.553
6.555
6.557
6.559
6.561
6.563
6.565
6.567
6.569
6.571
6.573
6.575
6.577
6.579
6.581
6.583
6.585
6.587
6.589
6.591
6.593
6.595
6.597
6.599
6.601
6.603
6.605
6.607
6.609
6.611
6.613
6.615
6.617
6.619
6.621
6.623
6.625
6.627
6.629
6.631
6.633
6.635
6.637
6.639
6.641
6.643
6.645
6.647
6.649
6.651
6.653
6.655
6.657
6.659
6.661
6.663
6.665
6.667
6.669
6.671
6.673
6.675
6.677
6.679
6.681
6.683
6.685
6.687
6.689
6.691
6.693
6.695
6.697
6.699
6.701
6.703
6.705
6.707
6.709
6.711
6.713
6.715
6.717
6.719
6.721
6.723
6.725
6.727
6.729
6.731
6.733
6.735
6.737
6.739
6.741
6.743
6.745
6.747
6.749
6.751
6.753
6.755
6.757
6.759
6.761
6.763
6.765
6.767
6.769
6.771
6.773
6.775
6.777
6.779
6.781
6.783
6.785
6.787
6.789
6.791
6.793
6.795
6.797
6.799
6.801
6.803
6.805
6.807
6.809
6.811
6.813
6.815
6.817
6.819
6.821
6.823
6.825
6.827
6.829
6.831
6.833
6.835
6.837
6.839
6.841
6.843
6.845
6.847
6.849
6.851
6.853
6.855
6.857
6.859
6.861
6.863
6.865
6.867
6.869
6.871
6.873
6.875
6.877
6.879
6.881
6.883
6.885
6.887
6.889
6.891
6.893
6.895
6.897
6.899
6.901
6.903
6.905
6.907
6.909
6.911
6.913
6.915
6.917
6.919
6.921
6.923
6.925
6.927
6.929
6.931
6.933
6.935
6.937
6.939
6.941
6.943
6.945
6.947
6.949
6.951
6.953
6.955
6.957
6.959
6.961
6.963
6.965
6.967
6.969
6.971
6.973
6.975
6.977
6.979
6.981
6.983
6.985
6.987
6.989
6.991
6.993
6.995
6.997
6.999
7.001
7.003
7.005
7.007
7.009
7.011
7.013
7.015
7.017
7.019
7.021
7.023
7.025
7.027
7.029
7.031
7.033
7.035
7.037
7.039
7.041
7.043
7.045
7.047
7.049
7.051
7.053
7.055
7.057
7.059
7.061
7.063
7.065
7.067
7.069
7.071
7.073
7.075
7.077
7.079
7.081
7.083
7.085
7.087
7.089
7.091
7.093
7.095
7.097
7.099
7.101
7.103
7.105
7.107
7.109
7.111
7.113
7.115
7.117
7.119
7.121
7.123
7.125
7.127
7.129
7.131
7.133
7.135
7.137
7.139
7.141
7.143
7.145
7.147
7.149
7.151
7.153
7.155
7.157
7.159
7.161
7.163
7.165
7.167
7.169
7.171
7.173
7.175
7.177
7.179
7.181
7.183
7.185
7.187
7.189
7.191
7.193
7.195
7.197
7.199
7.201
7.203
7.205
7.207
7.209
7.211
7.213
7.215
7.217
7.219
7.221
7.223
7.225
7.227
7.229
7.231
7.233
7.235
7.237
7.239
7.241
7.243
7.245
7.247
7.249
7.251
7.253
7.255
7.257
7.259
7.261
7.263
7.265
7.267
7.269
7.271
7.273
7.275
7.277
7.279
7.281
7.283
7.285
7.287
7.289
7.291
7.293
7.295
7.297
7.299
7.301
7.303
7.305
7.307
7.309
7.311
7.313
7.315
7.317
7.319
7.321
7.323
7.325
7.327
7.329
7.331
7.333
7.335
7.337
7.339
7.341
7.343
7.345
7.347
7.349
7.351
7.353
7.355
7.357
7.359
7.361
7.363
7.365
7.367
7.369
7.371
7.373
7.375
7.377
7.379
7.381
7.383
7.385
7.387
7.389
7.391
7.393
7.395
7.397
7.399
7.401
7.403
7.405
7.407
7.409
7.411
7.413
7.415
7.417
7.419
7.421
7.423
7.425
7.427
7.429
7.431
7.433
7.435
7.437
7.439
7.441
7.443
7.445
7.447
7.449
7.451
7.453
7.455
7.457
7.459
7.461
7.463
7.465
7.467
7.469
7.471
7.473
7.475
7.477
7.479
7.481
7.483
7.485
7.487
7.489
7.491
7.493
7.495
7.497
7.499
7.501
7.503
7.505
7.507
7.509
7.511
7.513
7.515
7.517
7.519
7.521
7.523
7.525
7.527
7.529
7.531
7.533
7.535
7.537
7.539
7.541
7.543
7.545
7.547
7.549
7.551
7.553
7.555
7.557
7.559
7.561
7.563
7.565
7.567
7.569
7.571
7.573
7.575
7.577
7.579
7.581
7.583
7.585
7.587
7.589
7.591
7.593
7.595
7.597
7.599
7.601
7.603
7.605
7.607
7.609
7.611
7.613
7.615
7.617
7.619
7.621
7.623
7.625
7.627
7.629
7.631
7.633
7.635
7.637
7.639
7.641
7.643
7.645
7.647
7.649
7.651
7.653
7.655
7.657
7.659
7.661
7.663
7.665
7.667
7.669
7.671
7.673
7.675
7.677
7.679
7.681
7.683
7.685
7.687
7.689
7.691
7.693
7.695
7.697
7.699
7.701
7.703
7.705
7.707
7.709
7.711
7.713
7.715
7.717
7.719
7.721
7.723
7.725
7.727
7.729
7.731
7.733
7.735
7.737
7.739
7.741
7.743
7.745
7.747
7.749
7.751
7.753
7.755
7.757
7.759
7.761
7.763
7.765
7.767
7.769
7.771
7.773
7.775
7.777
7.779
7.781
7.783
7.785
7.787
7.789
7.791
7.793
7.795
7.797
7.799
7.801
7.803
7.805
7.807
7.809
7.811
7.813
7.815
7.817
7.819
7.821
7.823
7.825
7.827
7.829
7.831
7.833
7.835
7.837
7.839
7.841
7.843
7.845
7.847
7.849
7.851
7.853
7.855
7.857
7.859
7.861
7.863
7.865
7.867
7.869
7.871
7.873
7.875
7.877
7.879
7.881
7.883
7.885
7.887
7.889
7.891
7.893
7.895
7.897
7.899
7.901
7.903
7.905
7.907
7.909
7.911
7.913
7.915
7.917
7.919
7.921
7.923
7.925
7.927
7.929
7.931
7.933
7.935
7.937
7.939
7.941
7.943
7.945
7.947
7.949
7.951
7.953
7.955
7.957
7.959
7.961
7.963
7.965
7.967
7.969
7.971
7.973
7.975
7.977
7.979
7.981
7.983
7.985
7.987
7.989
7.991
7.993
7.995
7.997
7.999
8.001
8.003
8.005
8.007
8.009
8.011
8.013
8.015
8.017
8.019
8.021
8.023
8.025
8.027
8.029
8.031
8.033
8.035
8.037
8.039
8.041
8.043
8.045
8.047
8.049
8.051
8.053
8.055
8.057
8.059
8.061
8.063
8.065
8.067
8.069
8.071
8.073
8.075
8.077
8.079
8.081
8.083
8.085
8.087
8.089
8.091
8.093
8.095
8.097
8.099
8.101
8.103
8.105
8.107
8.109
8.111
8.113
8.115
8.117
8.119
8.121
8.123
8.125
8.127
8.129
8.131
8.133
8.135
8.137
8.139
8.141
8.143
8.145
8.147
8.149
8.151
8.153
8.155
8.157
8.159
8.161
8.163
8.165
8.167
8.169
8.171
8.173
8.175
8.177
8.179
8.181
8.183
8.185
8.187
8.189
8.191
8.193
8.195
8.197
8.199
8.201
8.203
8.205
8.207
8.209
8.211
8.213
8.215
8.217
8.219
8.221
8.223
8.225
8.227
8.229
8.231
8.233
8.235
8.237
8.239
8.241
8.243
8.245
8.247
8.249
8.251
8.253
8.255
8.257
8.259
8.261
8.263
8.265
8.267
8.269
8.271
8.273
8.275
8.277
8.279
8.281
8.283
8.285
8.287
8.289
8.291
8.293
8.295
8.297
8.299
8.301
8.303
8.305
8.307
8.309
8.311
8.313
8.315
8.317
8.319
8.321
8.323
8.325
8.327
8.329
8.331
8.333
8.335
8.337
8.339
8.341
8.343
8.345
8.347
8.349
8.351
8.353
8.355
8.357
8.359
8.361
8.363
8.365
8.367
8.369
8.371
8.373
8.375
8.377
8.379
8.381
8.383
8.385
8.387
8.389
8.391
8.393
8.395
8.397
8.399
8.401
8.403
8.405
8.407
8.409
8.411
8.413
8.415
8.417
8.419
8.421
8.423
8.425
8.427
8.429
8.431
8.433
8.435
8.437
8.439
8.441
8.443
8.445
8.447
8.449
8.451
8.453
8.455
8.457
8.459
8.461
8.463
8.465
8.467
8.469
8.471
8.473
8.475
8.477
8.479
8.481
8.483
8.485
8.487
8.489
8.491
8.493
8.495
8.497
8.499
8.501
8.503
8.505
8.507
8.509
8.511
8.513
8.515
8.517
8.519
8.521
8.523
8.525
8.527
8.529
8.531
8.533
8.535
8.537
8.539
8.541
8.543
8.545
8.547
8.549
8.551
8.553
8.555
8.557
8.559
8.561
8.563
8.565
8.567
8.569
8.571
8.573
8.575
8.577
8.579
8.581
8.583
8.585
8.587
8.589
8.591
8.593
8.595
8.597
8.599
8.601
8.603
8.605
8.607
8.609
8.611
8.613
8.615
8.617
8.619
8.621
8.623
8.625
8.627
8.629
8.631
8.633
8.635
8.637
8.639
8.641
8.643
8.645
8.647
8.649
8.651
8.653
8.655
8.657
8.659
8.661
8.663
8.665
8.667
8.669
8.671
8.673
8.675
8.677
8.679
8.681
8.683
8.685
8.687
8.689
8.691
8.693
8.695
8.697
8.699
8.701
8.703
8.705
8.707
8.709
8.711
8.713
8.715
8.717
8.719
8.721
8.723
8.725
8.727
8.729
8.731
8.733
8.735
8.737
8.739
8.741
8.743
8.745
8.747
8.749
8.751
8.753
8.755
8.757
8.759
8.761
8.763
8.765
8.767
8.769
8.771
8.773
8.775
8.777
8.779
8.781
8.783
8.785
8.787
8.789
8.791
8.793
8.795
8.797
8.799
8.801
8.803
8.805
8.807
8.809
8.811
8.813
8.815
8.817
8.819
8.821
8.823
8.825
8.827
8.829
8.831
8.833
8.835
8.837
8.839
8.841
8.843
8.845
8.847
8.849
8.851
8.853
8.855
8.857
8.859
8.861
8.863
8.865
8.867
8.869
8.871
8.873
8.875
8.877
8.879
8.881
8.883
8.885
8.887
8.889
8.891
8.893
8.895
8.897
8.899
8.901
8.903
8.905
8.907
8.909
8.911
8.913
8.915
8.917
8.919
8.921
8.923
8.925
8.927
8.929
8.931
8.933
8.935
8.937
8.939
8.941
8.943
8.945
8.947
8.949
8.951
8.953
8.955
8.957
8.959
8.961
8.963
8.965
8.967
8.969
8.971
8.973
8.975
8.977
8.979
8.981
8.983
8.985
8.987
8.989
8.991
8.993
8.995
8.997
8.999
9.001
9.003
9.005
9.007
9.009
9.011
9.013
9.015
9.017
9.019
9.021
9.023
9.025
9.027
9.029
9.031
9.033
9.035
9.037
9.039
9.041
9.043
9.045
9.047
9.049
9.051
9.053
9.055
9.057
9.059
9.061
9.063
9.065
9.067
9.069
9.071
9.073
9.075
9.077
9.079
9.081
9.083
9.085
9.087
9.089
9.091
9.093
9.095
9.097
9.099
9.101
9.103
9.105
9.107
9.109
9.111
9.113
9.115
9.117
9.119
9.121
9.123
9.125
9.127
9.129
9.131
9.133
9.135
9.137
9.139
9.141
9.143
9.145
9.147
9.149
9.151
9.153
9.155
9.157
9.159
9.161
9.163
9.165
9.167
9.169
9.171
9.173
9.175
9.177
9.179
9.181
9.183
9.185
9.187
9.189
9.191
9.193
9.195
9.197
9.199
9.201
9.203
9.205
9.207
9.209
9.211
9.213
9.215
9.217
9.219
9.221
9.223
9.225
9.227
9.229
9.231
9.233
9.235
9.237
9.239
9.241
9.243
9.245
9.247
9.249
9.251
9.253
9.255
9.257
9.259
9.261
9.263
9.265
9.267
9.269
9.271
9.273
9.275
9.277
9.279
9.281
9.283
9.285
9.287
9.289
9.291
9.293
9.295
9.297
9.299
9.301
9.303
9.305
9.307
9.309
9.311
9.313
9.315
9.317
9.319
9.321
9.323
9.325
9.327
9.329
9.331
9.333
9.335
9.337
9.339
9.341
9.343
9.345
9.347
9.349
9.351
9.353
9.355
9.357
9.359
9.361
9.363
9.365
9.367
9.369
9.371
9.373
9.375
9.377
9.379
9.381
9.383
9.385
9.387
9.389
9.391
9.393
9.395
9.397
9.399
9.401
9.403
9.405
9.407
9.409
9.411
9.413
9.415
9.417
9.419
9.421
9.423
9.425
9.427
9.429
9.431
9.433
9.435
9.437
9.439
9.441
9.443
9.445
9.447
9.449
9.451
9.453
9.455
9.457
9.459
9.461
9.463
9.465
9.467
9.469
9.471
9.473
9.475
9.477
9.479
9.481
9.483
9.485
9.487
9.489
9.491
9.493
9.495
9.497
9.499
9.501
9.503
9.505
9.507
9.509
9.511
9.513
9.515
9.517
9.519
9.521
9.523
9.525
9.527
9.529
9.531
9.533
9.535
9.537
9.539
9.541
9.543
9.545
9.547
9.549
9.551
9.553
9.555
9.557
9.559
9.561
9.563
9.565
9.567
9.569
9.571
9.573
9.575
9.577
9.579
9.581
9.583
9.585
9.587
9.589
9.591
9.593
9.595
9.597
9.599
9.601
9.603
9.605
9.607
9.609
9.611
9.613
9.615
9.617
9.619
9.621
9.623
9.625
9.627
9.629
9.631
9.633
9.635
9.637
9.639
9.641
9.643
9.645
9.647
9.649
9.651
9.653
9.655
9.657
9.659
9.661
9.663
9.665
9.667
9.669
9.671
9.673
9.675
9.677
9.679
9.681
9.683
9.685
9.687
9.689
9.691
9.693
9.695
9.697
9.699
9.701
9.703
9.705
9.707
9.709
9.711
9.713
9.715
9.717
9.719
9.721
9.723
9.725
9.727
9.729
9.731
9.733
9.735
9.737
9.739
9.741
9.743
9.745
9.747
9.749
9.751
9.753
9.755
9.757
9.759
9.761
9.763
9.765
9.767
9.769
9.771
9.773
9.775
9.777
9.779
9.781
9.783
9.785
9.787
9.789
9.791
9.793
9.795
9.797
9.799
9.801
9.803
9.805
9.807
9.809
9.811
9.813
9.815
9.817
9.819
9.821
9.823
9.825
9.827
9.829
9.831
9.833
9.835
9.837
9.839
9.841
9.843
9.845
9.847
9.849
9.851
9.853
9.855
9.857
9.859
9.861
9.863
9.865
9.867
9.869
9.871
9.873
9.875
9.877
9.879
9.881
9.883
9.885
9.887
9.889
9.891
9.893
9.895
9.897
9.899
9.901
9.903
9.905
9.907
9.909
9.911
9.913
9.915
9.917
9.919
9.921
9.923
9.925
9.927
9.929
9.931
9.933
9.935
9.937
9.939
9.941
9.943
9.945
9.947
9.949
9.951
9.953
9.955
9.957
9.959
9.961
9.963
9.965
9.967
9.969
9.971
9.973
9.975
9.977
9.979
9.981
9.983
9.985
9.987
9.989
9.991
9.993
9.995
9.997
9.999
10.001
10.003
10.005
10.007
10.009
10.011
10.013
10.015
10.017
10.019
10.021
10.023
10.025
10.027
10.029
10.031
10.033
10.035
10.037
10.039
10.041
10.043
10.045
10.047
10.049
10.051
10.053
10.055
10.057
10.059
10.061
10.063
10.065
10.067
10.069
10.071
10.073
10.075
10.077
10.079
10.081
10.083
10.085
10.087
10.089
10.091
10.093
10.095
10.097
10.099
10.101
10.103
10.105
10.107
10.109
10.111
10.113
10.115
10.117
10.119
10.121
10.123
10.125
10.127
10.129
10.131
10.133
10.135
10.137
10.139
10.141
10.143
10.145
10.147
10.149
10.151
10.153
10.155
10.157
10.159
10.161
10.163
10.165
10.167
10.169
10.171
10.173
10.175
10.177
10.179
10.181
10.183
10.185
10.187
10.189
10.191
10.193
10.195
10.197
10.199
10.201
10.203
10.205
10.207
10.209
10.211
10.213
10.215
10.217
10.219
10.221
10.223
10.225
10.227
10.229
10.231
10.233
10.235
10.237
10.239
10.241
10.243
10.245
10.247
10.249
10.251
10.253
10.255
10.257
10.259
10.261
10.263
10.265
10.267
10.269
10.271
10.273
10.275
10.277
10.279
10.281
10.283
10.285
10.287
10.289
10.291
10.293
10.295
10.297
10.299
10.301
10.303
10.305
10.307
10.309
10.311
10.313
10.315
10.317
10.319
10.321
10.323
10.325
10.327
10.329
10.331
10.333
10.335
10.337
10.339
10.341
10.343
10.345
10.347
10.349
10.351
10.353
10.355
10.357
10.359
10.361
10.363
10.365
10.367
10.369
10.371
10.373
10.375
10.377
10.379
10.381
10.383
10.385
10.387
10.389
10.391
10.393
10.395
10.397
10.399
10.401
10.403
10.405
10.407
10.409
10.411
10.413
10.415
10.417
10.419
10.421
10.423
10.425
10.427
10.429
10.431
10.433
10.435
10.437
10.439
10.441
10.443
10.445
10.447
10.449
10.451
10.453
10.455
10.457
10.459
10.461
10.463
10.465
10.467
10.469
10.471
10.473
10.475
10.477
10.479
10.481
10.483
10.485
10.487
10.489
10.491
10.493
10.495
10.497
10.499
10.501
10.503
10.505
10.507
10.509
10.511
10.513
10.515
10.517
10.519
10.521
10.523
10.525
10.527
10.529
10.531
10.533
10.535
10.537
10.539
10.541
10.543
10.545
10.547
10.549
10.551
10.553
10.555
10.557
10.559
10.561
10.563
10.565
10.567
10.569
10.571
10.573
10.575
10.577
10.579
10.581
10.583
10.585
10.587
10.589
10.591
10.593
10.595
10.597
10.599
10.601
10.603
10.605
10.607
10.609
10.611
10.613
10.615
10.617
10.619
10.621
10.623
10.625
10.627
10.629
10.631
10.633
10.635
10.637
10.639
10.641
10.643
10.645
10.647
10.649
10.651
10.653
10.655
10.657
10.659
10.661
10.663
10.665
10.667
10.669
10.671
10.673
10.675
10.677
10.679
10.681
10.683
10.685
10.687
10.689
10.691
10.693
10.695
10.697
10.699
10.701
10.703
10.705
10.707
10.709
10.711
10.713
10.715
10.717
10.719
10.721
10.723
10.725
10.727
10.729
10.731
10.733
10.735
10.737
10.739
10.741
10.743
10.745
10.747
10.749
10.751
10.753
10.755
10.757
10.759
10.761
10.763
10.765
10.767
10.769
10.771
10.773
10.775
10.777
10.779
10.781
10.783
10.785
10.787
10.789
10.791
10.793
10.795
10.797
10.799
10.801
10.803
10.805
10.807
10.809
10.811
10.813
10.815
10.817
10.819
10.821
10.823
10.825
10.827
10.829
10.831
10.833
10.835
10.837
10.839
10.841
10.843
10.845
10.847
10.849
10.851
10.853
10.855
10.857
10.859
10.861
10.863
10.865
10.867
10.869
10.871
10.873
10.875
10.877
10.879
10.881
10.883
10.885
10.887
10.889
10.891
10.893
10.895
10.897
10.899
10.901
10.903
10.905
10.907
10.909
10.911
10.913
10.915
10.917
10.919
10.921
10.923
10.925
10.927
10.929
10.931
10.933
10.935
10.937
10.939
10.941
10.943
10.945
10.947
10.949
10.951
10.953
10.955
10.957
10.959
10.961
10.963
10.965
10.967
10.969
10.971
10.973
10.975
10.977
10.979
10.981
10.983
10.985
10.987
10.989
10.991
10.993
10.995
10.997
10.999
