1.3843e-05
0.0039232
0.00319394
0.00349477
0.0204899
0.00839169
0.0159964
0.0218545
0.00396423
0.0231735
0.021
0.0130462
0.0280534
0.0176911
0.0238871
0.0306148
0.0220523
0.0290401
0.0280078
0.0229592
0.0312517
0.0312517
0.0271521
0.0306663
0.0306663
0.0295798
0.0295798
0.0287086
0.0309584
0.0309584
0.0309584
0.0309584
0.0308284
0.0305597
0.0305597
0.0305597
0.0308215
0.0308215
0.0308215
0.0308215
0.0308215
0.0308215
0.0308215
0.030732
0.030978
0.0309316
0.0309316
0.0309316
0.0309316
0.0309316
0.0309316
0.0309316
0.0311129
0.0311129
0.0311129
0.0311129
0.0310854
0.0310854
0.0310854
0.0310854
0.0312052
0.0312052
0.0312052
0.0312248
0.0312248
0.0312248
0.0312248
0.0312248
0.0312327
0.0312327
0.0311917
0.0312808
0.0312808
0.0312808
0.0312808
0.0311753
0.0311753
0.0311753
0.0311753
0.0311753
0.0311753
0.0311753
0.0311753
0.0311753
0.0311753
0.0311753
0.0311753
0.0311753
0.0311753
0.0311753
0.0311753
0.0311075
0.0311075
0.0311075
0.0311075
0.0312225
0.0312225
0.0312225
0.0312225
0.0312225
0.0312225
0.0312225
0.0312225
0.0313284
0.0313284
0.0313284
0.0313284
0.0313284
0.0313284
0.0313284
0.0313284
0.0312632
0.0312632
0.0312632
0.0312632
0.0312632
0.0312632
0.0312632
0.0312632
0.0312658
0.0312658
0.0312658
0.0312658
0.0312658
0.0312658
0.0312658
0.0312658
0.0314366
0.0314366
0.0314366
0.0314366
0.0314366
0.0314366
0.0314366
0.0314366
0.0315345
0.0315345
0.0315345
0.0315345
0.0315345
0.0315345
0.0315345
0.0315345
0.0315345
0.0315345
0.0315345
0.0315345
0.0315345
0.0315345
0.0315345
0.0315345
0.0315345
0.0315345
0.0315345
0.0315345
0.0315345
0.0315345
0.0315345
0.0315345
0.0315345
0.0315345
0.0315345
0.0315345
0.0315345
0.0315345
0.0315345
0.0315345
0.0315345
0.0315345
0.0315345
0.0315345
0.0315345
0.0315345
0.0315345
0.0315345
0.0315345
0.0315345
0.0315345
0.0315345
0.0315345
0.0315345
0.0315345
0.0315345
0.0315345
0.0315345
0.0315345
0.0315345
0.0315345
0.0315345
0.0315345
0.0315345
0.0315345
0.0315345
0.0315345
0.0315345
0.0315345
0.0315345
0.0315345
0.0315345
0.0315345
0.0315345
0.0315345
0.0315345
0.0315345
0.0315345
0.0315345
0.0315345
0.0315345
0.0315345
0.0315345
0.0315345
0.0315345
0.0315345
0.0315345
0.0315345
0.0315345
0.0315345
0.0315345
0.0315345
0.0315345
0.0315345
0.0315345
0.0315345
0.0315345
0.0315345
0.0315345
0.0315345
0.0315345
0.0315345
0.0315345
0.0315345
0.0315345
0.0315345
0.0315345
0.0315345
0.0315345
0.0315345
0.0315345
0.0315345
0.0315345
0.0315345
0.0315345
0.0315345
0.0315345
0.0315345
0.0315345
0.0315345
0.0315345
0.0314717
0.0314717
0.0314717
0.0314717
0.0314717
0.0314717
0.0314717
0.0314717
0.0314717
0.0314717
0.0314717
0.0314717
0.0314717
0.0314717
0.0314717
0.0314717
0.0314717
0.0314717
0.0314961
0.0314961
0.0314961
0.0314961
0.0314961
0.0314961
0.0314961
0.0314961
0.0315435
0.0315435
0.0315435
0.0315435
0.0315435
0.0315435
0.0315435
0.0315435
0.0315435
0.0315435
0.0315435
0.0315435
0.0315435
0.0315435
0.0315435
0.0315435
0.0315435
0.0315435
0.0315435
0.0314485
0.0314485
0.0314485
0.0314485
0.0314485
0.0314485
0.0314485
0.0314485
0.0314485
0.0314485
0.0314485
0.0314485
0.0314485
0.0314485
0.0314485
0.0314485
0.0314485
0.0314485
0.0314485
0.0314485
0.0314485
0.0314485
0.0314485
0.0314485
0.0314485
0.0314485
0.0314485
0.0314485
0.0314485
0.0314485
0.0314485
0.0314485
0.0314485
0.0314485
0.0314485
0.0314485
0.0314485
0.0314485
0.0314485
0.0314485
0.0314485
0.0314485
0.0314485
0.0314485
0.0314485
0.0314485
0.0314485
0.0314485
0.0314485
0.0314485
0.0314485
0.0314485
0.0314485
0.0314485
0.0313068
0.0313068
0.0313068
0.0313068
0.0313068
0.0313068
0.0313068
0.0313068
0.0313068
0.0313068
0.0313068
0.0313068
0.0313068
0.0313068
0.0313068
0.0313068
0.0313068
0.0313068
0.0313068
0.0313068
0.0313068
0.0313068
0.0313068
0.0313068
0.0313068
0.0313068
0.0313068
0.0313068
0.0313068
0.0313068
0.0313068
0.0313068
0.0313068
0.0313068
0.0313068
0.0313068
0.0313068
0.0313068
0.0313068
0.0313068
0.0313068
0.0313068
0.0313068
0.0313068
0.0313068
0.0313068
0.0313068
0.0313068
0.0313068
0.0313068
0.0313068
0.0313068
0.0313068
0.0313068
0.0313068
0.0313068
0.0313068
0.0313068
0.0313068
0.0313068
0.0313068
0.0313068
0.0313068
0.0313068
0.0313068
0.0313068
0.0313068
0.0312687
0.0312687
0.0312687
0.0312687
0.0312687
0.0312687
0.0312687
0.0312687
0.0312687
0.0312687
0.0312687
0.0312687
0.0312687
0.0312687
0.0312687
0.0312687
0.0312687
0.0312687
0.0312687
0.0312687
0.0312687
0.0312687
0.0312687
0.0312687
0.0312687
0.0312687
0.0312687
0.0312687
0.0312687
0.0312687
0.0312687
0.0312687
0.0312687
0.0312687
0.0312687
0.0312687
0.0312687
0.0312687
0.0312687
0.0312687
0.0312687
0.0312687
0.0312687
0.0312687
0.0312687
0.0312687
0.0312687
0.0312687
0.0312687
0.0312687
0.0312687
0.0312687
0.0312687
0.0312687
0.0312687
0.0312687
0.0312687
0.0312687
0.0312687
0.0312687
0.0312687
0.0312687
0.0312687
0.0312687
0.0312687
0.0312687
0.0312687
0.0312687
0.0312687
0.0312687
0.0312687
0.0313626
0.0313626
0.0313626
0.0313626
0.0313626
0.0313626
0.0313626
0.0313626
0.0313909
0.0313909
0.0313909
0.0313909
0.0313909
0.0313909
0.0313909
0.0313909
0.0314085
0.0314085
0.0314085
0.0314085
0.0314085
0.0314085
0.0314085
0.0314085
0.0314085
0.0314085
0.0314085
0.0314085
0.0314085
0.0314085
0.0314085
0.0314085
0.0314085
0.0314085
0.0314085
0.0314085
0.0314085
0.0314085
0.0314085
0.0314085
0.0314085
0.0314085
0.0314085
0.0314085
0.0314085
0.0314085
0.0314085
0.0314085
0.0314085
0.0314085
0.0314085
0.0314085
0.0314085
0.0314085
0.0314085
0.0314085
0.0314085
0.0314085
0.0314085
0.0314085
0.0314085
0.0314085
0.0314085
0.0314085
0.0314085
0.0314085
0.0314085
0.0314085
0.0314085
0.0314085
0.0314085
0.0314085
0.0314085
0.0314085
0.0314085
0.0314085
0.0314085
0.0314085
0.0314085
0.0314085
0.0314085
0.0314085
0.0314085
0.0314085
0.0314085
0.0314085
0.0314085
0.0314085
0.0314085
0.0314085
0.0314085
0.0314085
0.0314085
0.0314085
0.0314085
0.0314085
0.0314085
0.0314085
0.0314085
0.0314085
0.0314085
0.0314085
0.0314085
0.0314085
0.0314085
0.0314085
0.0314085
0.0314085
0.0314085
0.0314085
0.0314085
0.0314085
0.0314085
0.0314085
0.0314085
0.0314085
0.0314085
0.0314085
0.0314085
0.0314085
0.0314085
0.0314085
0.0314085
0.0314085
0.0314085
0.0314085
0.0314085
0.0314085
0.0314085
0.0314085
0.0314085
0.0314085
0.0314085
0.0314085
0.0314085
0.0314085
0.0314085
0.0314085
0.0314085
0.0314085
0.0314085
0.0314085
0.0314085
0.0314085
0.0314085
0.0314085
0.0314085
0.0314085
0.0314085
0.0314085
0.0314085
0.0314085
0.0314085
0.0314085
0.0314085
0.0314085
0.0314085
0.0314085
0.0314085
0.0314085
0.0314085
0.0314085
0.0314085
0.0314085
0.0314085
0.0314085
0.0314085
0.0314085
0.0314085
0.0314085
0.0314085
0.0314085
0.0314085
0.0314085
0.0314085
0.0314085
0.0314085
0.0314085
0.0314085
0.0314085
0.0314085
0.0314085
0.0314085
0.0314085
0.0314085
0.0314085
0.0314085
0.0314085
0.0314085
0.0314085
0.0314085
0.0314085
0.0314085
0.0314085
0.0314085
0.0314085
0.0314085
0.0314085
0.0314085
0.0314085
0.0314085
0.0314085
0.0314085
0.0314085
0.0314085
0.0314085
0.0314085
0.0314085
0.0314085
0.0314085
0.0314085
0.0314085
0.0314085
0.0314085
0.0314085
0.0314085
0.0314085
0.0314085
0.0314085
0.0314085
0.0314085
0.0314085
0.0314085
0.0314085
0.0314085
0.0314085
0.0314085
0.0314085
0.0314085
0.0314085
0.0314085
0.0314085
0.0314085
0.0314085
0.0314085
0.0314085
0.0314085
0.0314085
0.0314085
0.0314085
0.0314085
0.0314085
0.0314085
0.0314085
0.0314085
0.0314085
0.0314085
0.0314085
0.0314085
0.0314085
0.0314085
0.0314085
0.0314085
0.0314085
0.0314085
0.0314085
0.0314085
0.0314085
0.0314085
0.0314085
0.0314085
0.0314085
0.0314085
0.0314085
0.0314085
0.0314085
0.0314085
0.0314085
0.0314085
0.0314085
0.0314085
0.0314085
0.0314085
0.0314085
0.0314085
0.0314085
0.0314085
0.0314085
0.0314085
0.0314085
0.0314085
0.0314085
0.0314085
0.0314085
0.0314085
0.0314085
0.0314085
0.0314085
0.0314085
0.0314085
0.0314085
0.0314085
0.0314085
0.0314085
0.0314085
0.0314085
0.0314085
0.0314085
0.0314085
0.0314085
0.0314085
0.0314085
0.0314085
0.0314085
0.0314085
0.0314085
0.0314085
0.0314085
0.0314085
0.0314085
0.0314085
0.0314085
0.0314085
0.0314085
0.0314085
0.0314085
0.0314085
0.0314085
0.0314085
0.0314085
0.0314085
0.0314085
0.0314085
0.0314085
0.0314085
0.0314085
0.0314085
0.0314085
0.0314085
0.0314085
0.0314085
0.0314085
0.0314085
0.0314085
0.0314085
0.0314085
0.0314085
0.0314085
0.0314085
0.0314085
0.0314085
0.0314085
0.0314085
0.0314085
0.0314085
0.0314085
0.0314085
0.0314085
0.0314085
0.0314085
0.0314085
0.0314085
0.0314085
0.0314085
0.0314085
0.0314085
0.0314085
0.0314085
0.0314085
0.0314085
0.0314085
0.0314085
0.0314085
0.0314085
0.0314085
0.0314085
0.0314085
0.0314085
0.0314085
0.0314085
0.0314085
0.0314085
0.0314085
0.0314085
0.0314085
0.0314085
0.0314085
0.0314085
0.0314085
0.0314085
0.0314085
0.0314085
0.0314085
0.0314085
0.0314085
0.0314085
0.0314085
0.0314085
0.0314085
0.0314085
0.0314085
0.0314085
0.0314085
0.0314085
0.0314085
0.0314085
0.0314085
0.0314085
0.0314085
0.0314085
0.0314085
0.0314085
0.0314085
0.0314085
0.0314085
0.0314085
0.0314085
0.0314085
0.0314085
0.0314085
0.0314085
0.0314085
0.0314085
0.0314085
0.0314085
0.0314085
0.0314085
0.0314085
0.0314085
0.0314085
0.0314085
0.0314085
0.0314085
0.0314085
0.0314085
0.0314085
0.0314085
0.0314085
0.0314085
0.0314085
0.0314085
0.0314085
0.0314085
0.0314085
0.0314085
0.0314085
0.0314085
0.0314085
0.0314085
0.0314085
0.0314085
0.0314085
0.0314085
0.0314085
0.0314085
0.0314085
0.0314085
0.0314085
0.0314085
0.0314085
0.0314085
0.0314085
0.0314085
0.0314085
0.0314085
0.0314085
0.0314085
0.0314085
0.0314085
0.0314085
0.0314085
0.0314085
0.0314085
0.0314085
0.0314085
0.0314085
0.0314085
0.0314085
0.0314085
0.0314085
0.0314085
0.0314085
0.0314085
0.0314085
0.0314085
0.0314085
0.0314085
0.0314085
0.0314085
0.0314085
0.0314085
0.0314085
0.0314085
0.0314085
0.0314085
0.0314085
0.0314085
0.0314085
0.0314085
0.0314085
0.0314085
0.0314085
0.0314085
0.0314085
0.0314085
0.0314085
0.0314085
0.0314085
0.0314085
0.0314085
0.0314085
0.0314085
0.0314085
0.0314085
0.0314085
0.0314085
0.0314085
0.0314085
0.0314085
0.0314085
0.0314085
0.0314085
0.0314085
0.0314085
0.0314085
0.9991
0.9941
0.9892
0.9843
0.9795
0.9747
0.97
0.9653
0.9607
0.9561
0.9515
0.947
0.9426
0.9381
0.9338
0.9294
0.9251
0.9209
0.9166
0.9125
0.9083
0.9042
0.9001
0.8961
0.8921
0.8881
0.8842
0.8803
0.8765
0.8727
0.8689
0.8651
0.8614
0.8577
0.854
0.8504
0.8468
0.8432
0.8397
0.8362
0.8327
0.8292
0.8258
0.8224
0.8191
0.8157
0.8124
0.8091
0.8059
0.8026
0.7994
0.7962
0.7931
0.7899
0.7868
0.7837
0.7807
0.7777
0.7746
0.7717
0.7687
0.7657
0.7628
0.7599
0.7571
0.7542
0.7514
0.7486
0.7458
0.743
0.7402
0.7375
0.7348
0.7321
0.7294
0.7268
0.7242
0.7216
0.719
0.7164
0.7138
0.7113
0.7088
0.7063
0.7038
0.7013
0.6989
0.6964
0.694
0.6916
0.6892
0.6869
0.6845
0.6822
0.6799
0.6776
0.6753
0.673
0.6707
0.6685
0.6663
0.6641
0.6619
0.6597
0.6575
0.6554
0.6532
0.6511
0.649
0.6469
0.6448
0.6427
0.6407
0.6386
0.6366
0.6346
0.6326
0.6306
0.6286
0.6266
0.6247
0.6227
0.6208
0.6189
0.617
0.6151
0.6132
0.6113
0.6094
0.6076
0.6057
0.6039
0.6021
0.6003
0.5985
0.5967
0.5949
0.5932
0.5914
0.5897
0.5879
0.5862
0.5845
0.5828
0.5811
0.5794
0.5778
0.5761
0.5744
0.5728
0.5712
0.5695
0.5679
0.5663
0.5647
0.5631
0.5615
0.56
0.5584
0.5568
0.5553
0.5538
0.5522
0.5507
0.5492
0.5477
0.5462
0.5447
0.5432
0.5418
0.5403
0.5388
0.5374
0.536
0.5345
0.5331
0.5317
0.5303
0.5289
0.5275
0.5261
0.5247
0.5233
0.522
0.5206
0.5193
0.5179
0.5166
0.5152
0.5139
0.5126
0.5113
0.51
0.5087
0.5074
0.5061
0.5048
0.5036
0.5023
0.5011
0.4998
0.4986
0.4973
0.4961
0.4949
0.4936
0.4924
0.4912
0.49
0.4888
0.4876
0.4864
0.4853
0.4841
0.4829
0.4817
0.4806
0.4794
0.4783
0.4771
0.476
0.4749
0.4738
0.4726
0.4715
0.4704
0.4693
0.4682
0.4671
0.466
0.465
0.4639
0.4628
0.4617
0.4607
0.4596
0.4586
0.4575
0.4565
0.4554
0.4544
0.4534
0.4523
0.4513
0.4503
0.4493
0.4483
0.4473
0.4463
0.4453
0.4443
0.4433
0.4423
0.4414
0.4404
0.4394
0.4385
0.4375
0.4365
0.4356
0.4346
0.4337
0.4328
0.4318
0.4309
0.43
0.4291
0.4281
0.4272
0.4263
0.4254
0.4245
0.4236
0.4227
0.4218
0.4209
0.42
0.4192
0.4183
0.4174
0.4165
0.4157
0.4148
0.414
0.4131
0.4123
0.4114
0.4106
0.4097
0.4089
0.408
0.4072
0.4064
0.4056
0.4047
0.4039
0.4031
0.4023
0.4015
0.4007
0.3999
0.3991
0.3983
0.3975
0.3967
0.3959
0.3952
0.3944
0.3936
0.3928
0.3921
0.3913
0.3905
0.3898
0.389
0.3882
0.3875
0.3867
0.386
0.3853
0.3845
0.3838
0.383
0.3823
0.3816
0.3809
0.3801
0.3794
0.3787
0.378
0.3773
0.3766
0.3758
0.3751
0.3744
0.3737
0.373
0.3724
0.3717
0.371
0.3703
0.3696
0.3689
0.3682
0.3676
0.3669
0.3662
0.3655
0.3649
0.3642
0.3636
0.3629
0.3622
0.3616
0.3609
0.3603
0.3596
0.359
0.3583
0.3577
0.3571
0.3564
0.3558
0.3552
0.3545
0.3539
0.3533
0.3527
0.352
0.3514
0.3508
0.3502
0.3496
0.349
0.3484
0.3478
0.3472
0.3466
0.346
0.3454
0.3448
0.3442
0.3436
0.343
0.3424
0.3418
0.3412
0.3406
0.3401
0.3395
0.3389
0.3383
0.3378
0.3372
0.3366
0.3361
0.3355
0.3349
0.3344
0.3338
0.3333
0.3327
0.3322
0.3316
0.3311
0.3305
0.33
0.3294
0.3289
0.3283
0.3278
0.3273
0.3267
0.3262
0.3257
0.3251
0.3246
0.3241
0.3236
0.323
0.3225
0.322
0.3215
0.321
0.3205
0.3199
0.3194
0.3189
0.3184
0.3179
0.3174
0.3169
0.3164
0.3159
0.3154
0.3149
0.3144
0.3139
0.3134
0.3129
0.3125
0.312
0.3115
0.311
0.3105
0.31
0.3096
0.3091
0.3086
0.3081
0.3076
0.3072
0.3067
0.3062
0.3058
0.3053
0.3048
0.3044
0.3039
0.3034
0.303
0.3025
0.3021
0.3016
0.3012
0.3007
0.3003
0.2998
0.2994
0.2989
0.2985
0.298
0.2976
0.2971
0.2967
0.2963
0.2958
0.2954
0.2949
0.2945
0.2941
0.2936
0.2932
0.2928
0.2924
0.2919
0.2915
0.2911
0.2907
0.2902
0.2898
0.2894
0.289
0.2886
0.2882
0.2877
0.2873
0.2869
0.2865
0.2861
0.2857
0.2853
0.2849
0.2845
0.2841
0.2837
0.2833
0.2829
0.2825
0.2821
0.2817
0.2813
0.2809
0.2805
0.2801
0.2797
0.2793
0.2789
0.2785
0.2781
0.2778
0.2774
0.277
0.2766
0.2762
0.2758
0.2755
0.2751
0.2747
0.2743
0.2739
0.2736
0.2732
0.2728
0.2725
0.2721
0.2717
0.2713
0.271
0.2706
0.2702
0.2699
0.2695
0.2692
0.2688
0.2684
0.2681
0.2677
0.2674
0.267
0.2666
0.2663
0.2659
0.2656
0.2652
0.2649
0.2645
0.2642
0.2638
0.2635
0.2631
0.2628
0.2624
0.2621
0.2618
0.2614
0.2611
0.2607
0.2604
0.2601
0.2597
0.2594
0.2591
0.2587
0.2584
0.258
0.2577
0.2574
0.2571
0.2567
0.2564
0.2561
0.2557
0.2554
0.2551
0.2548
0.2544
0.2541
0.2538
0.2535
0.2532
0.2528
0.2525
0.2522
0.2519
0.2516
0.2512
0.2509
0.2506
0.2503
0.25
0.2497
0.2494
0.2491
0.2487
0.2484
0.2481
0.2478
0.2475
0.2472
0.2469
0.2466
0.2463
0.246
0.2457
0.2454
0.2451
0.2448
0.2445
0.2442
0.2439
0.2436
0.2433
0.243
0.2427
0.2424
0.2421
0.2418
0.2415
0.2412
0.241
0.2407
0.2404
0.2401
0.2398
0.2395
0.2392
0.2389
0.2387
0.2384
0.2381
0.2378
0.2375
0.2372
0.237
0.2367
0.2364
0.2361
0.2358
0.2356
0.2353
0.235
0.2347
0.2345
0.2342
0.2339
0.2336
0.2334
0.2331
0.2328
0.2326
0.2323
0.232
0.2317
0.2315
0.2312
0.2309
0.2307
0.2304
0.2301
0.2299
0.2296
0.2294
0.2291
0.2288
0.2286
0.2283
0.228
0.2278
0.2275
0.2273
0.227
0.2268
0.2265
0.2262
0.226
0.2257
0.2255
0.2252
0.225
0.2247
0.2245
0.2242
0.224
0.2237
0.2235
0.2232
0.223
0.2227
0.2225
0.2222
0.222
0.2217
0.2215
0.2212
0.221
0.2208
0.2205
0.2203
0.22
0.2198
0.2195
0.2193
0.2191
0.2188
0.2186
0.2183
0.2181
0.2179
0.2176
0.2174
0.2172
0.2169
0.2167
0.2165
0.2162
0.216
0.2158
0.2155
0.2153
0.2151
0.2148
0.2146
0.2144
0.2141
0.2139
0.2137
0.2135
0.2132
0.213
0.2128
0.2125
0.2123
0.2121
0.2119
0.2116
0.2114
0.2112
0.211
0.2108
0.2105
0.2103
0.2101
0.2099
0.2096
0.2094
0.2092
0.209
0.2088
0.2086
0.2083
0.2081
0.2079
0.2077
0.2075
0.2073
0.207
0.2068
0.2066
0.2064
0.2062
0.206
0.2058
0.2056
0.2053
0.2051
0.2049
0.2047
0.2045
0.2043
0.2041
0.2039
0.2037
0.2035
0.2033
0.2031
0.2028
0.2026
0.2024
0.2022
0.202
0.2018
0.2016
0.2014
0.2012
0.201
0.2008
0.2006
0.2004
0.2002
0.2
0.1998
0.1996
0.1994
0.1992
0.199
0.1988
0.1986
0.1984
0.1982
0.198
0.1978
0.1976
0.1974
0.1972
0.1971
0.1969
0.1967
0.1965
0.1963
0.1961
0.1959
0.1957
0.1955
0.1953
0.1951
0.1949
0.1948
0.1946
0.1944
0.1942
0.194
0.1938
0.1936
0.1934
0.1932
0.1931
0.1929
0.1927
0.1925
0.1923
0.1921
0.192
0.1918
0.1916
0.1914
0.1912
0.191
0.1909
0.1907
0.1905
0.1903
0.1901
0.1899
0.1898
0.1896
0.1894
0.1892
0.1891
0.1889
0.1887
0.1885
0.1883
0.1882
0.188
0.1878
0.1876
0.1875
0.1873
0.1871
0.1869
0.1868
0.1866
0.1864
0.1862
0.1861
0.1859
0.1857
0.1855
0.1854
0.1852
0.185
0.1849
0.1847
0.1845
0.1843
0.1842
0.184
0.1838
0.1837
0.1835
0.1833
0.1832
0.183
0.1828
0.1827
0.1825
0.1823
0.1822
0.182
0.1818
0.1817
0.1815
0.1813
0.1812
0.181
0.1808
0.1807
0.1805
0.1804
0.1802
0.18
0.1799
0.1797
0.1796
0.1794
0.1792
0.1791
0.1789
0.1787
0.1786
0.1784
0.1783
0.1781
0.178
0.1778
0.1776
0.1775
0.1773
0.1772
0.177
0.1769
0.1767
0.1765
0.1764
0.1762
0.1761
0.1759
0.1758
0.1756
0.1755
0.1753
0.1752
0.175
0.1748
0.1747
0.1745
0.1744
0.1742
0.1741
0.1739
0.1738
0.1736
0.1735
0.1733
0.1732
0.173
0.1729
0.1727
0.1726
0.1724
0.1723
0.1721
0.172
0.1718
0.1717
0.1715
0.1714
0.1713
0.1711
0.171
0.1708
0.1707
0.1705
0.1704
0.1702
0.1701
0.1699
0.1698
0.1697
0.1695
0.1694
0.1692
0.1691
0.1689
0.1688
0.1687
0.1685
0.1684
0.1682
0.1681
0.1679
0.1678
0.1677
0.1675
0.1674
0.1672
0.1671
0.167
0.1668
